groupID	cellType	UMAP1	UMAP2	Pseudotime	color	MyeloidProbs	ErythroidProbs	BLymphoidProbs	TLymphoidProbs
1	CD4	9.00102122993584	0.0968893933186578	0.977141969331591	#005F9F	0	0	0	0.998462508507571
2	CD16mono	-8.82882896690254	5.63975705384112	0.367753180705654	#F26625	0.999210155715765	0	0	0
3	CD14mono	-9.00204483299141	2.61076082466937	0.373777078683124	#F28238	0.999229995374184	0	0	0
4	late-Ery	-8.15780464439278	-10.9427743983378	0.905430586065954	#901838	0	0.999999999999797	0	0
5	NK	3.96718772621269	-6.63526211501264	0.989003202725818	#492264	0	0	0	0.999084959286952
6	CD14mono	-10.4375478389729	-1.29643790246152	0.361975566867247	#F28238	0.876349868867702	0	0.0578728947727618	0.0608393709319272
7	NaiveB	3.54920347900505	10.4084247517476	0.875027104232758	#A896C8	0	0	0.995000994648945	0
8	CD8	3.28235062332268	-4.73586712599897	0.986667253773556	#1481C4	0	0	0	0.998966344548147
9	NK	3.79557188720818	-7.00731287718915	0.993731729221034	#492264	0	0	0	0.999242581658628
10	CD4	8.55923827858086	-0.913120670329566	0.981652639139802	#005F9F	0	0	0	0.998586407145863
11	NaiveB	4.04320701332207	11.1228650975118	0.877811410140079	#A896C8	0	0	0.995479745387521	0
12	CD8	3.49394162864799	-4.90063725234174	0.987117030376327	#1481C4	0	0	0	0.998982247914747
13	NK	2.62826832504387	-9.46739159346723	0.999023801737429	#492264	0	0	0	0.999378216843286
14	CD4	7.56934484214897	1.58041216610766	0.975820033948478	#005F9F	0	0	0	0.998379677146093
15	CD8	3.22316535682793	-4.79706011534833	0.986434660712902	#1481C4	0	0	0	0.998950773147102
16	early-Ery	-6.66369406013374	-6.30724440337324	0.733070752493202	#CC1F39	0	0.99999999999967	0	0
17	NK	4.03312762947197	-9.44236050368452	0.998269960050442	#492264	0	0	0	0.999362359314174
18	CMP	-1.60312012462502	0.606548087585931	0.0190151961967194	#46A147	0.414048756790604	0.366072740115935	0.213304315957159	0
19	CD4	8.79949458809013	1.34532715557909	0.975861060698712	#005F9F	0	0	0	0.998383951245163
20	NK	3.28538998336906	-7.69440565825605	0.997273760092675	#492264	0	0	0	0.999340749437446
21	CD14mono	-8.47763935356026	3.01230587242938	0.382581184578561	#F28238	0.999729465870704	0	0	0
22	early-Ery	-5.87794891624336	-5.52142010451459	0.673277685379688	#CC1F39	0	0.999999999998971	0	0
23	CD8	4.05290874214287	-1.45400880099439	0.974729554638891	#1481C4	0	0	0	0.99817671835234
24	NaiveB	3.99553283424492	11.70146693467	0.873412403348058	#A896C8	0	0	0.994729125769313	0
25	MemoryB	4.42987760276909	9.30881346939898	0.874873503346864	#B280B9	0	0	0.994533797508926	0
26	CD4	9.30213912696953	0.193387346256738	0.982152316850966	#005F9F	0	0	0	0.998617923055699
27	pro/pre-B	3.35666164131279	6.54451789139605	0.719629478260563	#A896C8	0	0	0.934671975928136	0.0651869845334305
28	NaiveB	3.87629302711601	11.1381582188497	0.869822135741611	#A896C8	0	0	0.992227441676712	0
29	NK	2.79349597663994	-8.97045288802289	0.997642154133504	#492264	0	0	0	0.999348362895263
30	GMP	-5.75447670249824	3.8471478390584	0.226564283514182	#FAA31B	0.993493797505679	0	0	0
31	CD14mono	-9.32790867118721	-1.24106578351163	0.399553103185976	#F28238	0.999891594574354	0	0	0
32	CD4	7.28609212608452	0.127065734852319	0.974042801826696	#005F9F	0	0	0	0.998180788954727
33	NK	3.91532882423515	-9.83974037886762	0.999230391778829	#492264	0	0	0	0.999382213022098
34	GMP	-10.697416460799	2.28016533135272	0.345773395346649	#FAA31B	0.998086293344004	0	0	0
35	CD8	4.73482831688042	-3.67545543433332	0.983986364915358	#1481C4	0	0	0	0.998784989577856
36	MemoryB	3.89525088043327	9.5005172657857	0.87288423328894	#B280B9	0	0	0.994137481061876	0
37	NK	3.37008269996758	-8.81507740737104	0.99830416078932	#492264	0	0	0	0.999363049760657
38	NaiveB	4.66251405449028	10.9738105702291	0.87761889633804	#A896C8	0	0	0.995383247239459	0
39	CD14mono	-8.99033657340889	1.60959436177111	0.394151797296485	#F28238	0.999861256378719	0	0	0
40	CD8	4.34734042854424	-2.30754361869001	0.973222683237691	#1481C4	0	0	0	0.998051300146702
41	CD16mono	-8.11012760429268	4.72965325592852	0.37310353534045	#F26625	0.999406317362261	0	0	0
42	late-Ery	-6.12353435783272	-12.4944263529887	0.883965112194606	#901838	0	0.999999999999118	0	0
43	CD14mono	-9.46898571281319	0.470360772598748	0.39302943880597	#F28238	0.999856235119011	0	0	0
44	early-Ery	-5.18075529365425	-5.81553326369428	0.66130402700632	#CC1F39	0	0.999999999998184	0	0
45	early-Ery	-7.86994901924019	-8.51705418349409	0.853646528330527	#CC1F39	0	0.999999999999699	0	0
46	CD8	4.30450996132011	-3.78564606429243	0.972305860603678	#1481C4	0	0	0	0.99775891107329
47	CD14mono	-10.8523427608479	-0.0469370317568732	0.38802383220303	#F28238	0.999826585844085	0	0	0
48	CD14mono	-8.18257538108711	-0.0480764341463996	0.399808455650448	#F28238	0.999892211295524	0	0	0
49	pDC	-2.67754117278938	3.21736611603594	0.0570752414385526	#854199	0.864139886460512	0.0776811437811189	0.0545335913654289	0
50	NK	4.41819986076469	-9.97808514357709	0.995461085644646	#492264	0	0	0	0.999302597236162
51	CD14mono	-10.4128114345539	-1.13537154914045	0.399141571444947	#F28238	0.999889958147082	0	0	0
52	CD14mono	-10.6834155681599	0.13825790761805	0.396566629544862	#F28238	0.999879079542534	0	0	0
53	CD16mono	-8.33653274803047	5.15175379990435	0.372492681911951	#F26625	0.999381577028208	0	0	0
54	early-Ery	-6.03699890403633	-5.68603430510664	0.695617725057831	#CC1F39	0	0.999999999999499	0	0
55	pro/pre-B	-2.10086170463448	11.0557264256368	0.734363086755826	#A896C8	0	0	0.983122019605523	0.0168415433360681
56	early-Ery	-5.93158355979805	-6.21848736525678	0.607292162775198	#CC1F39	0	0.999999999959624	0	0
57	CD8	3.47158488006706	-5.01134882689619	0.987339677584202	#1481C4	0	0	0	0.998994009420732
58	NK	3.86554154129143	-8.90729199172162	0.998466427884893	#492264	0	0	0	0.999366842970324
59	late-Ery	-6.34375873832588	-11.1978956294169	0.91230222923322	#901838	0	0.999999999999686	0	0
60	early-Ery	-5.81849495200996	-5.15768967391157	0.60782673691825	#CC1F39	0	0.999999999958249	0	0
61	NaiveB	4.82021554679985	11.0462593006978	0.87792357822251	#A896C8	0	0	0.995490518987599	0
62	MemoryB	4.17705854148979	9.28503741501666	0.874430948224473	#B280B9	0	0	0.994353286271184	0
63	late-Ery	-5.87271562843208	-12.4033027720561	0.813660157947543	#901838	0	0.999999999995123	0	0
64	GMP	-5.57288471488838	3.13929547547198	0.137084173566918	#FAA31B	0.9403470025589	0	0.0275277956082008	0.0265110466113698
65	CD8	6.44593890876885	-1.1190694403758	0.980447611529824	#1481C4	0	0	0	0.998600033195601
66	NK	4.46114047737236	-7.52066956282758	0.996066515188119	#492264	0	0	0	0.99931031590725
67	pDC	-2.77436629562263	4.79323186158038	0.183557465691851	#854199	0.975713171343155	0.0113970272315401	0.0101013262688487	0
68	CD14mono	-11.5847188594807	-0.021312935363288	0.389615553025353	#F28238	0.999842297597137	0	0	0
69	NK	3.14939149589653	-8.61329327345991	0.988836831220663	#492264	0	0	0	0.999091873066172
70	CD8	4.71227821083183	-2.82690678359174	0.98259673020066	#1481C4	0	0	0	0.998748410864037
71	CD4	8.714240872575	0.36930866717196	0.977441192008086	#005F9F	0	0	0	0.998477103568486
72	pro/pre-B	-2.33314958839302	10.2840637135396	0.724282790920593	#A896C8	0	0	0.981154250603479	0.0188050637404606
73	CD16mono	-9.04567924766426	5.6746944355855	0.363895592578187	#F26625	0.999108354923017	0	0	0
74	NK	4.14513858528252	-7.74363671065473	0.997340729168289	#492264	0	0	0	0.999343254329642
75	CD4	8.58604224891777	1.73288025139666	0.97702840149747	#005F9F	0	0	0	0.998435882321649
76	CD14mono	-9.20463768272285	-0.108000753532882	0.396728335090361	#F28238	0.999880805045817	0	0	0
77	plasmaB	3.18185433120842	5.63577927826739	0.414876381122433	#C757A1	0.0555259019547518	0	0.589154824576314	0.352253582006065
78	pDC	-2.80063453941231	5.81583680390215	0.194648370230551	#854199	0.975713193837723	0.0113970139254772	0.010101317254556	0
79	pDC	-2.52428308753853	5.72268046616412	0.194549682337152	#854199	0.97571319381323	0.0113970139399636	0.0101013172643721	0
80	CD14mono	-8.96956363944893	-0.0251055491080238	0.400571811135776	#F28238	0.999895000635188	0	0	0
81	early-Ery	-7.51103941230659	-7.68060265303754	0.810124463317039	#CC1F39	0	0.99999999999969	0	0
82	CD8	3.79271801681633	-4.24576841117048	0.984825905386066	#1481C4	0	0	0	0.998834922509173
83	NaiveB	2.75877841682549	10.9404939579854	0.877241202085216	#A896C8	0	0	0.995431390803596	0
84	early-Ery	-5.50840345649605	-5.87380085707807	0.665350561112834	#CC1F39	0	0.999999999998542	0	0
85	CD8	4.56892713279839	-1.97144006014967	0.980022269847837	#1481C4	0	0	0	0.998627963235723
86	CD8	6.50923618049736	-0.824101490985389	0.97867955855251	#1481C4	0	0	0	0.998566923233998
87	pDC	-2.64740053443794	5.74147643326617	0.193280526803722	#854199	0.975713193701902	0.0113970140058727	0.0101013173089309	0
88	NK	3.72138961525078	-7.39325915099287	0.99611805111104	#492264	0	0	0	0.999311754254566
89	CD8	3.99248441429253	-5.06141625167036	0.978269659326522	#1481C4	0	0	0	0.998684791130128
90	CD14mono	-11.0631486537922	-0.937376840125556	0.387764491205023	#F28238	0.999818785575154	0	0	0
91	NK	4.11436780662651	-9.54442940474653	0.998531488318865	#492264	0	0	0	0.999368024116009
92	NaiveB	4.29401954383965	11.5230840611348	0.878083757676019	#A896C8	0	0	0.995557921582103	0
93	early-Ery	-5.7665588024128	-6.22879086257123	0.685882886571764	#CC1F39	0	0.999999999999332	0	0
94	DC	-3.93815318374519	0.863908784378533	0.0714692665631086	#D13C27	0.928277002650481	0.039566310888346	0.0290035942582516	0
95	NaiveB	4.03288921089287	11.4478525090108	0.87725440243687	#A896C8	0	0	0.995204981493699	0
96	CD16mono	-9.06094375877266	5.80951394318438	0.364360820442236	#F26625	0.999091700923713	0	0	0
97	GMP	-7.65902200965767	3.84914244889117	0.321892976235372	#FAA31B	0.995487164428197	0	0	0
98	NK	3.44063767166252	-9.41096649886274	0.999172645640201	#492264	0	0	0	0.999381105277474
99	NK	3.91983183593864	-7.13619099379682	0.99579292787829	#492264	0	0	0	0.999303674910425
100	NK	4.26446565361137	-9.25018559218549	0.974840674665777	#492264	0	0	0	0.998446074547136
101	CD8	5.30261119575615	-2.54216681243085	0.982905100847822	#1481C4	0	0	0	0.998728327874619
102	DC	-4.26325861244087	0.841099278915887	0.079542076258459	#D13C27	0.94507766344906	0.0295571835965918	0.0223403865959224	0
103	CD14mono	-9.6863881710041	0.402091341007714	0.399135610119398	#F28238	0.999889458447266	0	0	0
104	pro/pre-B	-1.80813709525948	10.8028510975728	0.734511771301089	#A896C8	0	0	0.983135157512599	0.0168284337959427
105	CD16mono	-8.28521648673897	5.69244851349688	0.366586687815621	#F26625	0.999167504849062	0	0	0
106	CD14mono	-7.33600965766792	1.81188811539507	0.371377957303033	#F28238	0.99919195815372	0	0	0
107	CD14mono	-9.01618400840645	-0.736134065400596	0.401424086901229	#F28238	0.999898180664229	0	0	0
108	plasmaB	4.13678535194511	5.56710042237139	0.649501630614885	#C757A1	0	0	0.621298038914971	0.377884352249435
109	late-Ery	-7.79742828636055	-10.5242115092387	0.897596763631601	#901838	0	0.999999999999675	0	0
110	NK	3.82897957534904	-8.19906006575727	0.997688706974206	#492264	0	0	0	0.999349633783403
111	late-Ery	-7.30986610679512	-11.3978239131083	0.907513057522561	#901838	0	0.999999999999779	0	0
112	HSC/MPP	-2.48749843864326	0.320289866913323	0.588856974920288	#0E4421	0.0198586201680581	0	0.116098826381178	0.863274042463017
113	CD8	4.14876683921928	-2.95537553549909	0.980770724031847	#1481C4	0	0	0	0.998676472268363
114	NK	3.58721002311821	-6.72335873366498	0.974724491732083	#492264	0	0	0	0.99820085848345
115	NK	3.73005374641533	-9.14419041396284	0.998821939447986	#492264	0	0	0	0.999374170991808
116	CD14mono	-7.79845777778511	1.4050685334096	0.388893768028733	#F28238	0.999820940454565	0	0	0
117	NaiveB	3.41015990944023	10.7565502095113	0.875240334467179	#A896C8	0	0	0.995078205551817	0
118	NaiveB	3.86714037628288	10.0024856495748	0.865293550756496	#A896C8	0	0	0.967207067349305	0.0327221387766675
119	NaiveB	3.22738655777092	11.6146730351338	0.877215261903303	#A896C8	0	0	0.995324215197824	0
120	NK	4.38275750846977	-7.06211720229291	0.988774740655397	#492264	0	0	0	0.999068458013459
121	MemoryB	3.96272214622612	9.17553939102984	0.87061697117367	#B280B9	0	0	0.993534123309789	0
122	NK	3.02945336074944	-9.5750499796977	0.999856485859517	#492264	0	0	0	0.999394250676617
123	MemoryB	4.23259624214287	8.93710078476763	0.865824894851344	#B280B9	0	0	0.991718063081447	0
124	GMP	-11.0392924907673	1.74306906937457	0.353116877085732	#FAA31B	0.998298992417459	0	0	0
125	NK	3.54340585441704	-8.93493710280561	0.998992522639489	#492264	0	0	0	0.999377473086207
126	early-Ery	-4.70683590202217	-5.19167576552534	0.603705790190125	#CC1F39	0	0.999999999937395	0	0
127	NaiveB	3.12516697616692	11.5648149418721	0.877090616164718	#A896C8	0	0	0.99535454162633	0
128	CD16mono	-7.87648788719063	4.89768208741045	0.372955676509159	#F26625	0.999402293716803	0	0	0
129	MEP	-3.68097058563118	-4.45782433272504	0.472735463729382	#EF3741	0	0.999999966864829	0	0
130	early-Ery	-7.34812847404365	-7.40254507781171	0.80284907278476	#CC1F39	0	0.99999999999969	0	0
131	DC	-2.87565032272224	1.08568419693804	0.0195576594787075	#D13C27	0.609117797260484	0.234966548749525	0.150456995460024	0
132	NaiveB	4.83315404625053	10.3423942494283	0.876620743550812	#A896C8	0	0	0.995083690737402	0
133	NaiveB	4.33473857612724	11.7163938450704	0.878888945207736	#A896C8	0	0	0.995685698258554	0
134	early-Ery	-7.57947222022896	-8.32334767104291	0.831972822485832	#CC1F39	0	0.999999999999691	0	0
135	pro/pre-B	-1.57392934589272	8.27880896805621	0.65372462216074	#A896C8	0	0	0.978699155015063	0.0212548030414927
136	plasmaB	3.82164033622856	5.70732630966998	0.600776160619171	#C757A1	0.0183453281403021	0	0.597189662966363	0.383515141623878
137	CD14mono	-10.0221692684162	1.03511072872973	0.38485924806928	#F28238	0.999799489955454	0	0	0
138	NK	3.62061485023613	-6.65398894072675	0.991016894278294	#492264	0	0	0	0.999166483980539
139	early-Ery	-7.15357509879951	-7.06841192961835	0.760598480804674	#CC1F39	0	0.999999999999686	0	0
140	CD8	2.50748380394096	-4.07402835608625	0.934087703661667	#1481C4	0	0	0.021916710501889	0.977620766070914
141	late-Ery	-8.00218788413887	-10.0111318659892	0.895574122795872	#901838	0	0.999999999999778	0	0
142	early-Ery	-4.74431625633125	-5.30999956847333	0.603488682052012	#CC1F39	0	0.999999999951688	0	0
143	late-Ery	-7.35755697517281	-10.6212650370707	0.89841146390372	#901838	0	0.999999999999704	0	0
144	LMPP	-2.40791837005501	2.48024048088885	0.00764065821625593	#00AF99	0.435446520832503	0.342537497191085	0.215334007198157	0
145	plasmaB	4.35097202034111	5.05971612213946	0.700226415630077	#C757A1	0	0	0.450940943587986	0.547873588779435
146	NaiveB	3.43364199371452	10.063039200295	0.875551469679794	#A896C8	0	0	0.995226601783943	0
147	NK	3.45370682449455	-6.00234328032636	0.988802213225704	#492264	0	0	0	0.999071225568188
148	CD14mono	-8.25320926933174	0.980403201569085	0.396722080118329	#F28238	0.999876278700789	0	0	0
149	CD8	5.5620921489727	-0.767566127788062	0.976316695771858	#1481C4	0	0	0	0.998432172970383
150	CD14mono	-9.64860931663399	-0.997162027369971	0.400862798865471	#F28238	0.999895679321774	0	0	0
151	CD14mono	-10.8084231975544	0.358793573368554	0.394848162177879	#F28238	0.99986980789938	0	0	0
152	NaiveB	4.63064798088188	11.2228635716329	0.871980758661489	#A896C8	0	0	0.984858561158251	0.0151087512757683
153	CD14mono	-10.0151530864704	-0.308198823679025	0.397285111229424	#F28238	0.999882281575533	0	0	0
154	CD8	4.01805146904106	-5.38348589659833	0.992601347127016	#1481C4	0	0	0	0.999198592862839
155	DC	-2.60421291618233	2.16949857949114	0.026678812752987	#D13C27	0.631792972232679	0.217326403928767	0.145491289904214	0
156	early-Ery	-7.93014732627754	-8.56625233412885	0.852343731476639	#CC1F39	0	0.999999999999698	0	0
157	NaiveB	4.85147460670586	10.8560298848043	0.87815163678654	#A896C8	0	0	0.995545488713761	0
158	CD14mono	-11.8525258663166	0.0588264632115411	0.391443832480059	#F28238	0.99985113981347	0	0	0
159	pDC	-2.71610657005196	5.73306597946978	0.194407699354702	#854199	0.975713193902977	0.0113970138868899	0.0101013172283949	0
160	CD14mono	-9.38233867912178	0.643641369331841	0.39786444130053	#F28238	0.999883557421268	0	0	0
161	CD16mono	-8.20656601219063	3.53950895546771	0.364616865982771	#F26625	0.920260114042971	0	0.0371769681021405	0.0381891345032648
162	HSC/MPP	-1.87608841686134	1.25159146069384	0.00176996411071675	#0E4421	0.436111027391661	0.343376497114273	0.213866625065683	0
163	NaiveB	2.87983425827141	10.7925476002584	0.87517213676151	#A896C8	0	0	0.995288376372875	0
164	NaiveB	3.42277702064629	9.78392447708941	0.861363776800239	#A896C8	0	0	0.98799824957422	0.0119758408661033
165	NK	2.32267554969902	-9.98920021773481	0.997606748562724	#492264	0	0	0	0.999353508974726
166	NaiveB	2.84171732635612	10.8262857365499	0.875500852118517	#A896C8	0	0	0.99521885541528	0
167	NaiveB	4.87672265739555	11.4039606022725	0.87327618476164	#A896C8	0	0	0.995023484665107	0
168	CMP	-1.52203325061684	0.334829823959832	0.0222089705754105	#46A147	0.40357169983677	0.378916661664796	0.211023423716683	0
169	MemoryB	4.26362355918999	8.42676104782916	0.858180395423844	#B280B9	0	0	0.984969822543007	0.0149977300835937
170	early-Ery	-7.73854128150825	-8.10425434828901	0.834824208527153	#CC1F39	0	0.999999999999691	0	0
171	GMP	-10.7487107875813	1.44098486183978	0.347158957671338	#FAA31B	0.99810835944164	0	0	0
172	NaiveB	4.48106464119072	11.7177204060445	0.878685349827106	#A896C8	0	0	0.995648835123074	0
173	CD14mono	-8.7397967937458	2.43603839157916	0.365433957815733	#F28238	0.997805489059263	0	0	0
174	NaiveB	4.21654065818901	9.95592440842486	0.875349498378174	#A896C8	0	0	0.994749937284755	0
175	CD16mono	-8.60879722862129	4.20446004151202	0.368528871214674	#F26625	0.99923431239561	0	0	0
176	CD8	5.15131887168999	-2.26858709574842	0.982278135597366	#1481C4	0	0	0	0.998730497379005
177	MemoryB	4.0751479503643	8.81656779526568	0.865091138748224	#B280B9	0	0	0.991059446337947	0
178	CD16mono	-9.33215538291817	6.09813966034747	0.364235249636378	#F26625	0.999103450714201	0	0	0
179	CD4	7.54544862480278	1.43248404740191	0.975807431067768	#005F9F	0	0	0	0.99837906241393
180	CD4	6.86955817909355	1.2539842295537	0.971331880548045	#005F9F	0	0	0	0.99784774252944
181	CD4	5.66916211814995	0.292112009514336	0.96659920969756	#005F9F	0	0	0	0.997378062992048
182	CD14mono	-9.85392586021309	-0.476570008408065	0.399301664104513	#F28238	0.99989044857698	0	0	0
183	CD8	2.8466597435009	-4.78267346144819	0.977605551197629	#1481C4	0	0	0	0.998528132511283
184	late-Ery	-7.34811035423164	-11.9132734370341	0.909477344015647	#901838	0	0.999999999999777	0	0
185	CD14mono	-8.71109310417061	2.0591052937398	0.390133982522799	#F28238	0.999840208128614	0	0	0
186	CD4	6.18334039421196	0.835478799332147	0.974771078701018	#005F9F	0	0	0	0.998258845781693
187	pDC	-2.98202220229988	5.35607804535723	0.19262250767876	#854199	0.975713193433826	0.0113970141644629	0.0101013174163411	0
188	CD14mono	-11.1125194194782	0.527017431248193	0.386726649675258	#F28238	0.999811409391535	0	0	0
189	NK	3.30427654953117	-8.49541817427778	0.997337990947245	#492264	0	0	0	0.999341562544005
190	GMP	-5.28214136390572	3.38280929802752	0.224905164221144	#FAA31B	0.993396766351093	0	0	0
191	pDC	-2.55582276611214	5.13208951233721	0.189129322401428	#854199	0.975713191767842	0.0113970151499624	0.0101013180839239	0
192	early-Ery	-4.57525221137886	-5.61363087416791	0.642371602288862	#CC1F39	0	0.999999999994816	0	0
193	CD4	9.15103038520927	1.13355244873858	0.979154152950431	#005F9F	0	0	0	0.998500037831272
194	CD4	7.11186059684868	1.54397548912859	0.971971595083336	#005F9F	0	0	0	0.997917198246032
195	NaiveB	2.97970136375542	10.5154594349752	0.875574317906412	#A896C8	0	0	0.995259245572249	0
196	NK	3.92877849311943	-6.46292219878339	0.992072637257464	#492264	0	0	0	0.999177402802259
197	late-Ery	-8.03346792487984	-10.4838701319804	0.902279646886758	#901838	0	0.999999999999794	0	0
198	CD4	5.70635064811821	0.378600554455285	0.975450193890045	#005F9F	0	0	0	0.99832774937166
199	CD8	4.46572574348564	-3.57045994521284	0.9853151596425	#1481C4	0	0	0	0.998874639778704
200	CD4	8.18039687843437	0.438351051796441	0.979281384392124	#005F9F	0	0	0	0.998511260117849
201	early-Ery	-4.72093549995308	-5.30884752989912	0.614066739734317	#CC1F39	0	0.999999999974028	0	0
202	CD14mono	-8.06895080833321	2.71570624588824	0.382726035283313	#F28238	0.999733869199431	0	0	0
203	CD14mono	-7.89000526695137	3.45873345612383	0.332582106469423	#F28238	0.995855511291562	0	0	0
204	early-Ery	-5.42696777610664	-4.97751770735883	0.628772592037842	#CC1F39	0	0.999999999988701	0	0
205	NK	2.98871549339409	-8.37676392317914	0.99927632469959	#492264	0	0	0	0.999383009812204
206	CD4	7.3086651203167	-0.780071301471229	0.977267270520884	#005F9F	0	0	0	0.998464908886821
207	CD14mono	-9.10653892784004	1.08885254143572	0.39796189014904	#F28238	0.999880660110558	0	0	0
208	CD4	8.57494910926933	0.262714462269311	0.979323416603027	#005F9F	0	0	0	0.998514483922263
209	late-Ery	-7.75722948341255	-10.3274179530253	0.896388016825666	#901838	0	0.999999999999741	0	0
210	CD16mono	-9.0874702098835	5.51596059082842	0.365654798235189	#F26625	0.999131479768084	0	0	0
211	CD4	8.01227172584648	0.26067407606936	0.974541844725257	#005F9F	0	0	0	0.998232033593657
212	CD14mono	-11.6173726680744	-0.556559531103606	0.3889855722218	#F28238	0.9998404670989	0	0	0
213	late-Ery	-7.28464857368355	-11.3937641215434	0.91131653639965	#901838	0	0.999999999999801	0	0
214	CD8	6.0404446956646	-0.10295690418386	0.97737977866685	#1481C4	0	0	0	0.998468176174363
215	pro/pre-B	-1.03068188457375	10.2351383137593	0.739740092091661	#A896C8	0	0	0.808852259384838	0.190735083204115
216	NaiveB	2.90227493019218	10.0189308094869	0.854045855809019	#A896C8	0	0	0.979532872566494	0.0204229426911454
217	early-Ery	-6.88683620719795	-7.55245838881635	0.788432942013329	#CC1F39	0	0.999999999999689	0	0
218	GMP	-6.91063848762398	3.18185676812029	0.261201728619865	#FAA31B	0.994253717325035	0	0	0
219	pDC	-2.8248011234272	5.44339026688433	0.193037511656151	#854199	0.975713193628554	0.0113970140492739	0.0101013173383103	0
220	CD14mono	-9.1766807201374	-0.188496282409663	0.398885112297655	#F28238	0.999888674940339	0	0	0
221	NK	3.05033453674431	-8.43633805037641	0.998321518596098	#492264	0	0	0	0.99936335524672
222	CD8	5.28610213966484	-3.54563294173383	0.975577963718563	#1481C4	0	0	0	0.998351155874425
223	CD14mono	-11.6052838924397	-0.268019778739448	0.393636834408212	#F28238	0.999862711976397	0	0	0
224	CD4	6.78701289863701	2.05329121826983	0.912340282334103	#005F9F	0	0	0.0424193598521729	0.956761360946089
225	NK	2.69807561607475	-9.82110272170209	0.999691271851412	#492264	0	0	0	0.999391114422183
226	MEP	-3.50525943069344	-2.52684102774763	0.762975146868286	#EF3741	0	0	0.947922279244777	0.0519652881257678
227	NaiveB	4.46244128913994	10.4353517460713	0.871681470710392	#A896C8	0	0	0.993200847445324	0
228	MemoryB	4.30111583442802	8.65278281449175	0.858887595882883	#B280B9	0	0	0.986439007815347	0.0135317165104254
229	CD14mono	-9.79437462119942	-0.943304939280982	0.396233567110193	#F28238	0.999877419170919	0	0	0
230	CD4	9.0472954151165	1.31517066239214	0.981545602772493	#005F9F	0	0	0	0.998555018596978
231	late-Ery	-8.19269863395576	-10.9427858424296	0.906132653341373	#901838	0	0.999999999999799	0	0
232	CD4	9.85116561622734	0.97852565525866	0.982104174337772	#005F9F	0	0	0	0.998607939458312
233	NaiveB	3.4625638362896	9.7396472859273	0.858842789411384	#A896C8	0	0	0.970749815183916	0.0291870390787061
234	MemoryB	4.26094087333794	9.19850100754595	0.865209838896079	#B280B9	0	0	0.990871232976831	0
235	MemoryB	4.3259409305584	8.34953536270953	0.858710993548055	#B280B9	0	0	0.986005542027055	0.0139642465262918
236	CD14mono	-9.17947689323311	-0.694003297101493	0.40136771938831	#F28238	0.999897882176625	0	0	0
237	CD8	3.46162017555351	-5.28917036772871	0.988168852109607	#1481C4	0	0	0	0.999037599587259
238	CD8	5.35426934929009	-2.89393792868757	0.982308294602493	#1481C4	0	0	0	0.998722280275201
239	CD4	7.63941463203545	2.25493849991656	0.963962118835996	#005F9F	0	0	0	0.997087744405544
240	CD14mono	-7.29028478889351	1.85198082207537	0.376501173729045	#F28238	0.99958086881352	0	0	0
241	NK	2.99430617065544	-8.76721630812787	0.99867483112649	#492264	0	0	0	0.999371067036305
242	CD4	6.33857759208794	0.333132224071984	0.946947561128251	#005F9F	0	0	0.0175319700165965	0.982032899345026
243	CD14mono	-10.1467601421345	0.0247303712258385	0.389668817416669	#F28238	0.999837707655903	0	0	0
244	NK	4.01423438758965	-9.60181961775922	0.994969122730273	#492264	0	0	0	0.999282916583299
245	NaiveB	3.74400671692009	10.1658271717916	0.871107021520401	#A896C8	0	0	0.993148063676912	0
246	NK	4.25989087791557	-7.20705757857465	0.994177694249083	#492264	0	0	0	0.999257467179594
247	CD4	9.31849654884453	1.5712655949483	0.980490629302813	#005F9F	0	0	0	0.998530691919149
248	CD14mono	-9.7950946453083	-0.217361135493751	0.375379493480079	#F28238	0.999409217172194	0	0	0
249	NaiveB	3.21298106880302	9.30132807968951	0.816151819422375	#A896C8	0	0	0.417020316380149	0.58172126369723
250	NK	2.29644736023064	-9.82201252699994	0.998222246401073	#492264	0	0	0	0.999360993761766
251	CD8	3.51584180564995	-5.27696619750165	0.960566560547875	#1481C4	0	0	0	0.995677055012595
252	CD4	8.08176597328301	1.0552526879201	0.977125187071712	#005F9F	0	0	0	0.998449028394878
253	early-Ery	-6.41678205757027	-6.58081970931196	0.738166650852236	#CC1F39	0	0.999999999999675	0	0
254	NaiveB	3.71652420730705	11.5027173924336	0.877977643827088	#A896C8	0	0	0.99551916431163	0
255	CD14mono	-9.12367359428291	-1.11300436974668	0.40011663565829	#F28238	0.999894177747063	0	0	0
256	NK	4.1004074451458	-5.87218771697187	0.990779960773606	#492264	0	0	0	0.999159792420403
257	CD8	4.52509864540215	-2.43108807326459	0.98073538578626	#1481C4	0	0	0	0.998676402155137
258	pro/pre-B	-1.16487292079811	10.8381923603902	0.746060020741371	#A896C8	0	0	0.983871583220328	0.0160935981561815
259	CD4	6.15266355247612	1.05360473870135	0.967063681988634	#005F9F	0	0	0	0.997306613890232
260	CD4	7.41392930717583	1.08990098713732	0.978091594261611	#005F9F	0	0	0	0.99848785502014
261	CD4	7.5399449703228	1.88884844063616	0.967977818143636	#005F9F	0	0	0	0.997445011169978
262	NK	3.78105052681084	-8.0150028300395	0.995187873555587	#492264	0	0	0	0.999287335633689
263	NK	3.84212669105644	-6.17292128325605	0.990352126504975	#492264	0	0	0	0.999138175178397
264	NK	3.72817190857048	-8.86848793746137	0.998212671512322	#492264	0	0	0	0.999361441707288
265	NK	4.29688533516045	-9.16251717330121	0.998870269600426	#492264	0	0	0	0.999375091123212
266	CD14mono	-8.55337444572334	0.229166107166772	0.390466203074643	#F28238	0.999846518610128	0	0	0
267	NaiveB	4.33204396934624	11.6941627430806	0.878171859817661	#A896C8	0	0	0.995481879069426	0
268	CD8	4.08493360252495	-4.02388869048261	0.986207331121348	#1481C4	0	0	0	0.998933699110531
269	early-Ery	-6.37884250907783	-6.12270842314863	0.717757500628117	#CC1F39	0	0.999999999999638	0	0
270	CD4	7.76562961311455	1.52599264859057	0.975282471111422	#005F9F	0	0	0	0.998321236786581
271	CD16mono	-8.3231069210041	5.11345137833453	0.369192192249241	#F26625	0.999249511754245	0	0	0
272	CD14mono	-7.16516033439522	1.60398902176714	0.353932153873168	#F28238	0.998011748794821	0	0	0
273	NaiveB	3.34482940406914	10.3238090443502	0.875092464787898	#A896C8	0	0	0.994964683914606	0
274	CD14mono	-10.0486327770222	-0.880394799720283	0.394858098874505	#F28238	0.999869824745383	0	0	0
275	CD4	4.23315175743218	-5.7762161326518	0.9872885576792	#005F9F	0	0	0	0.998990983231155
276	CD14mono	-11.4069930675495	-0.928247375499244	0.395127613365152	#F28238	0.999872970395337	0	0	0
277	CD8	3.55927141876335	-3.4055410456767	0.984032002845809	#1481C4	0	0	0	0.998776511384854
278	NaiveB	2.85719379158134	10.4452966618428	0.875606864615081	#A896C8	0	0	0.995266403754166	0
279	GMP	-8.21212784080391	2.92140139817095	0.307272381352641	#FAA31B	0.994755941268879	0	0	0
280	CD14mono	-7.77551904945259	2.05573810814715	0.377756831425304	#F28238	0.999612575622832	0	0	0
281	NK	4.32114776344414	-9.29609165908002	0.997046926922196	#492264	0	0	0	0.999339083533301
282	CD4	8.20769389839287	0.5913398432622	0.980522545591406	#005F9F	0	0	0	0.998536802104754
283	late-Ery	-6.27927557258491	-10.8961378169169	0.876871510700393	#901838	0	0.999999999999092	0	0
284	CD14mono	-10.692401087569	0.714454309929376	0.3936076749525	#F28238	0.999862539147838	0	0	0
285	CD14mono	-10.3969794872272	1.15001179455615	0.393597584289766	#F28238	0.999860714831642	0	0	0
286	CD14mono	-8.8010350826252	0.280768172729974	0.39994159744437	#F28238	0.999892607741927	0	0	0
287	NaiveB	2.83408101768608	10.1789974141011	0.870104449573507	#A896C8	0	0	0.993215052816366	0
288	CD14mono	-11.1756383541096	-0.449369384061332	0.395884755316353	#F28238	0.999876405787667	0	0	0
289	NK	4.50224431724663	-8.43426094771528	0.994529447214509	#492264	0	0	0	0.999282747138387
290	MemoryB	3.98391660423393	9.34699095963336	0.870197073113164	#B280B9	0	0	0.993249850685154	0
291	CD14mono	-8.28424946098213	-0.404961330901618	0.400645221743495	#F28238	0.999895354649838	0	0	0
292	CD4	7.54458602638359	-0.321841267954345	0.975463597159879	#005F9F	0	0	0	0.998342358965734
293	plasmaB	3.99433835716362	5.73853339432574	0.635257209480592	#C757A1	0	0	0.616208337097859	0.382963063635209
294	MEP	-2.33602205543404	-0.829753382216926	0.0647077507152077	#EF3741	0.321266364520351	0.490675567280003	0.182518286426823	0
295	CD14mono	-8.75398746757393	-0.454876152884002	0.393873034196558	#F28238	0.999867957723815	0	0	0
296	NaiveB	3.70730313034172	10.4030116963277	0.87095215015773	#A896C8	0	0	0.994588199338532	0
297	CD4	7.89751943321343	-0.615919126283164	0.980395635310227	#005F9F	0	0	0	0.998563587223308
298	CD4	8.28099712104912	2.07908596276141	0.96833495535256	#005F9F	0	0	0	0.997526048280219
299	NK	-2.43119040756111	0.37195165633059	0.913414576299963	#492264	0	0	0.0168153380765504	0.982783659952978
300	NK	3.65764864654655	-6.93554459334516	0.992702149609369	#492264	0	0	0	0.999204526990377
301	DC	-3.8343226078022	0.838003413666253	0.0621220232069455	#D13C27	0.917950836546776	0.0457272796490629	0.0330901469982728	0
302	late-Ery	-6.43462196617012	-12.3746715617289	0.897274944018275	#901838	0	0.99999999999935	0	0
303	CD8	3.26602705688591	-5.20385752440595	0.98649180804015	#1481C4	0	0	0	0.998955879100617
304	CD4	9.24484332771416	1.40590395211077	0.979348490361421	#005F9F	0	0	0	0.998517152223809
305	CD4	6.0679310199749	-2.1644613576045	0.962025762224216	#005F9F	0	0	0.0166202293993173	0.983044387434544
306	late-Ery	-7.74847999839668	-10.7564302516093	0.901197139484292	#901838	0	0.999999999999784	0	0
307	NaiveB	3.49604781837578	11.7995256352315	0.829738035309661	#A896C8	0	0	0.984529322221519	0.0154372794380798
308	MEP	-3.40226713447456	-3.97515903235578	0.412997185471644	#EF3741	0	0.999999474834099	0	0
309	CD8	5.79514344902153	-0.444458140145774	0.952269041618349	#1481C4	0	0	0.0163430997317408	0.983254717283897
310	CD8	6.04879745216484	-2.349189145576	0.976800808313917	#1481C4	0	0	0	0.99849228260876
311	plasmaB	4.02515634269829	6.63731993912554	0.660369994363203	#C757A1	0	0	0.654569708309665	0.344684527296278
312	CD14mono	-10.5473834636677	-1.13462291480207	0.398917622104725	#F28238	0.99988892177048	0	0	0
313	NK	3.21911534042473	-8.41101895095014	0.888921222252841	#492264	0	0	0.0414869510896082	0.956997963147712
314	CD14mono	-10.4888812664021	1.25809110878802	0.353255366888927	#F28238	0.998554550094979	0	0	0
315	CD14mono	-11.9238340023029	-0.520509196530814	0.391552314415412	#F28238	0.999853357665708	0	0	0
316	late-Ery	-7.64092603950386	-10.9138303828349	0.90774703951339	#901838	0	0.999999999999802	0	0
317	CD14mono	-9.58801761894112	0.672429280270104	0.394409653868271	#F28238	0.999864728292319	0	0	0
318	CD14mono	-9.58595482139473	1.82393135308123	0.375801793486898	#F28238	0.999591421572511	0	0	0
319	pro/pre-B	0.574251019669724	10.492163078774	0.814767628515082	#A896C8	0	0	0.985010364825633	0.0149572753085777
320	CD16mono	-9.13489643363838	5.25957144974566	0.316346081741975	#F26625	0.859903977174362	0	0.0655706412976328	0.0689344960039777
321	DC	-3.7148489120472	1.00019623516894	0.0541964594736587	#D13C27	0.898100252281491	0.0575929957636347	0.0409243885305587	0
322	CD16mono	-8.3836709621418	5.32650365113116	0.352930331213856	#F26625	0.99839289980942	0	0	0
323	CD4	7.05835326881523	-0.269267255525823	0.974465706917692	#005F9F	0	0	0	0.99822128169768
324	NK	3.61390980453606	-6.15583811522626	0.990938882980021	#492264	0	0	0	0.999163371909309
325	CD4	9.4044731494915	-0.124585373412604	0.98352646965797	#005F9F	0	0	0	0.998637785516288
326	CD4	7.51417001457329	1.77086581467486	0.974487284346829	#005F9F	0	0	0	0.998222769641953
327	CD4	8.58633598060722	0.690329329956536	0.95686710564198	#005F9F	0	0	0	0.994662403364125
328	NK	4.40493997306938	-8.21235619307661	0.997313205942144	#492264	0	0	0	0.999340581919409
329	GMP	-8.77354065208321	2.70781006096697	0.296795233243416	#FAA31B	0.994585510866826	0	0	0
330	CLP	-0.677992081927109	6.7263940739522	0.603031988482409	#9AD9E9	0	0	0.975370196488653	0.0245761339802447
331	CD14mono	-9.26168552665596	-0.535964084874625	0.399891349304229	#F28238	0.999893315001235	0	0	0
332	CD14mono	-9.67804256706123	1.31808628319598	0.384263081265111	#F28238	0.999787136784601	0	0	0
333	CD4	8.38772186012383	0.750130074013238	0.97819806540258	#005F9F	0	0	0	0.998499348884668
334	NK	4.56484826774712	-9.8693672251811	0.997027443198677	#492264	0	0	0	0.999337134358797
335	NK	4.61253102989311	-7.11259709120893	0.987617278648855	#492264	0	0	0	0.999009201873974
336	NaiveB	3.82039173812981	10.6686748433003	0.860794441791775	#A896C8	0	0	0.986430742614504	0.0135399638683167
337	CD4	7.44366677971001	-1.01440618754529	0.975403485462571	#005F9F	0	0	0	0.998341861180916
338	CD4	6.92131265373344	-0.983411116610999	0.979373484334292	#005F9F	0	0	0	0.998530511762888
339	CD14mono	-7.87826648979073	0.150369154203896	0.398335238412835	#F28238	0.999885561451974	0	0	0
340	CD14mono	-10.2311641338337	0.179155992258553	0.395624759342635	#F28238	0.999877006999787	0	0	0
341	NaiveB	4.35582431526299	11.0845951008687	0.877064036957297	#A896C8	0	0	0.99528063421175	0
342	CD4	6.67817147941704	0.704010264862542	0.974234130643	#005F9F	0	0	0	0.9982013171576
343	late-Ery	-8.39972797660713	-10.4831558299174	0.893818406598912	#901838	0	0.999999999999768	0	0
344	CLP	0.208387621952248	5.60309066056109	0.428105528265163	#9AD9E9	0	0	0.974586631055174	0.0251364957952515
345	CD4	6.84317525596733	0.107783274639611	0.977318512096116	#005F9F	0	0	0	0.998470240152244
346	pDC	-2.83390728263741	4.39626254319048	0.193509810897352	#854199	0.975713195915539	0.0113970126965209	0.0101013164217908	0
347	NaiveB	3.13788613052483	11.2483972477803	0.825416619361179	#A896C8	0	0	0.984753311293849	0.0152137739181365
348	CD14mono	-7.60911289482002	0.772764222610955	0.38864912188658	#F28238	0.999823048245307	0	0	0
349	NaiveB	2.43810852737541	10.957250969399	0.862305277630872	#A896C8	0	0	0.99282019747069	0
350	Baso	-3.45044246940498	-1.49409125567579	0.15111500612066	#67B545	0.0175304700954685	0.971136344818834	0.0110039572342539	0
351	NaiveB	3.25317939491386	11.9345191883931	0.877783271364248	#A896C8	0	0	0.995513312275429	0
352	early-Ery	-5.43443266181831	-5.24861965895795	0.638244247300425	#CC1F39	0	0.999999999993354	0	0
353	CD14mono	-9.0021840694416	-0.830558760177131	0.382528863224445	#F28238	0.999718566251302	0	0	0
354	early-Ery	-7.7241660716999	-8.20481835127973	0.841808508033527	#CC1F39	0	0.999999999999693	0	0
355	CD4	9.51277908058281	0.870709555138116	0.981702937884363	#005F9F	0	0	0	0.99857479322932
356	CD14mono	-5.40025726585274	1.42612959622241	0.173512227150044	#F28238	0.94138540963534	0	0.027048335062414	0.0260479903801216
357	CD14mono	-11.7961618068684	-0.277706058781381	0.388916328802352	#F28238	0.999839903935899	0	0	0
358	late-Ery	-7.82882038383369	-9.85123024703168	0.890577309892974	#901838	0	0.99999999999974	0	0
359	CD16mono	-9.05367866783028	6.05223836182452	0.35415827423429	#F26625	0.998764531302844	0	0	0
360	late-Ery	-6.20081297187691	-11.8248649668803	0.908507587915875	#901838	0	0.999999999999584	0	0
361	CD8	4.08347018928642	-3.48188672782087	0.974659689003965	#1481C4	0	0	0	0.998193451698686
362	CD14mono	-11.2589160564411	-0.389234600674148	0.389235365589517	#F28238	0.9998441799357	0	0	0
363	CD8	7.01094087333794	-0.808199150573249	0.979395010075874	#1481C4	0	0	0	0.998555429149764
364	CD14mono	-10.7340156200397	0.269909100521569	0.391470529863407	#F28238	0.999851800559628	0	0	0
365	CD4	7.96045383186455	-1.20221833706998	0.982181956141939	#005F9F	0	0	0	0.998656447646363
366	CLP	0.343642437173081	5.82876099823809	0.431814860644073	#9AD9E9	0	0	0.974589210723785	0.025136558772608
367	CD16mono	-8.37338176994209	4.97821082352496	0.365273109993946	#F26625	0.999116520411367	0	0	0
368	CD8	2.15218671531792	-8.88048897505903	0.98923882371438	#1481C4	0	0	0	0.999087221914152
369	CD14mono	-9.76763550071602	1.36829163311816	0.395375800412998	#F28238	0.999872980820677	0	0	0
370	NaiveB	4.08589538307304	10.1850017475972	0.875545391924836	#A896C8	0	0	0.995130201525823	0
371	NaiveB	2.32851823539848	10.9763235020528	0.858395056266925	#A896C8	0	0	0.98617029380702	0.0137998504095652
372	late-Ery	-7.1061412456501	-10.6713253092875	0.910188003443595	#901838	0	0.999999999999802	0	0
373	MemoryB	4.03980764122124	9.33647383927203	0.872950914418336	#B280B9	0	0	0.994113434587522	0
374	CD4	9.86157878608818	1.17523516892291	0.95397166194707	#005F9F	0	0	0.0146740544428049	0.984965814844975
375	CD4	8.53690227241631	1.02795209168292	0.975058865105849	#005F9F	0	0	0	0.998298445171153
376	CD14mono	-8.32132545738106	1.59899248360491	0.376235583753592	#F28238	0.999552816640129	0	0	0
377	CD8	6.29444345207329	-0.470994008790488	0.974778778281903	#1481C4	0	0	0	0.99826088856937
378	CD14mono	-8.95310989646797	1.1731896567235	0.39796929276946	#F28238	0.999881397439067	0	0	0
379	CD14mono	-8.46272388725166	1.56553293942309	0.394587890772047	#F28238	0.999865699673352	0	0	0
380	CD4	7.90634330482597	1.90304197548724	0.97662216009591	#005F9F	0	0	0	0.998395859738249
381	CD4	6.24640687675591	1.56831111191607	0.93772625777073	#005F9F	0	0	0.0343711045933259	0.964975703205511
382	MemoryB	1.16629096241112	10.4688218998799	0.838709006989853	#B280B9	0	0	0.985858623239335	0.0141108481378131
383	late-Ery	-8.26307026176338	-10.787585837852	0.901951907486645	#901838	0	0.999999999999792	0	0
384	NK	4.74158843727226	-9.56376324416303	0.968605573598423	#492264	0	0	0	0.997715544422751
385	NaiveB	4.84834798545952	11.6008380818257	0.878221466718011	#A896C8	0	0	0.995183199150045	0
386	NK	2.91900762291069	-10.178189857017	0.998159405300418	#492264	0	0	0	0.999360164119204
387	MemoryB	4.35005887718315	8.16160907029009	0.852460906081237	#B280B9	0	0	0.97791952627812	0.02203280606347
388	CMP	-1.84030607967262	-0.226996144365306	0.0268176306284072	#46A147	0.383980196194963	0.403079131392317	0.206616868398555	0
389	CD8	5.61001619072075	-0.245638294230933	0.976357743512114	#1481C4	0	0	0	0.998441753854563
390	NaiveB	3.35303600998039	11.2154811787496	0.87727798423752	#A896C8	0	0	0.995357150078149	0
391	NK	1.89042206974144	-9.2410541606059	0.977412443138428	#492264	0	0	0	0.998573004639906
392	early-Ery	-4.88367477683907	-5.3602906298747	0.621894083346533	#CC1F39	0	0.999999999983435	0	0
393	NaiveB	4.61900123329277	11.2829221653829	0.879012692910724	#A896C8	0	0	0.995670370927197	0
394	early-Ery	-6.66860119132881	-6.64814434767866	0.735099774062528	#CC1F39	0	0.999999999999673	0	0
395	CD4	7.76912530632134	-0.259818537246223	0.977497469952865	#005F9F	0	0	0	0.998476563594293
396	NK	3.87613781662102	-8.15903149367475	0.998210039055014	#492264	0	0	0	0.999361281873575
397	CD14mono	-8.5509540203083	2.32700957535601	0.454680376337956	#F28238	0.0567855073300223	0	0.159357787815125	0.782042724132628
398	CLP	-0.816905772970962	7.13803519486285	0.537827340926049	#9AD9E9	0	0	0.974797444939597	0.0251416446030751
399	pro/pre-B	-1.54368535308723	10.2166294026265	0.718086787483682	#A896C8	0	0	0.97961619310481	0.0203398004126539
400	CD8	4.6288612720501	-2.13556860209608	0.980393913142849	#1481C4	0	0	0	0.99865787377035
401	CD8	3.45090397567863	-3.43536577941083	0.984073672325729	#1481C4	0	0	0	0.998787521239287
402	CD14mono	-10.3275224330891	-0.955901606093879	0.397239306406585	#F28238	0.999883405719462	0	0	0
403	late-Ery	-8.14212719230537	-10.1576734614482	0.893845872764604	#901838	0	0.999999999999711	0	0
404	NK	2.95644959182854	-8.66735039473676	0.998792996173561	#492264	0	0	0	0.999373449170332
405	CD4	7.33139451713676	1.00366427182055	0.949577132825139	#005F9F	0	0	0	0.993540567182425
406	CD16mono	-8.15462795524483	3.63309206246233	0.339989180657832	#F26625	0.997392411500498	0	0	0
407	NaiveB	4.23191150398369	10.7093099522481	0.877608963508796	#A896C8	0	0	0.995449164821941	0
408	late-Ery	5.99331887931938	-1.73229585410261	0.611758004872852	#901838	0	0.99999999999205	0	0
409	NaiveB	3.91746147842522	12.1517700123677	0.873446160554759	#A896C8	0	0	0.993360375099188	0
410	CD4	7.01890500755425	1.68534459351397	0.974274108585645	#005F9F	0	0	0	0.998203889894792
411	CD14mono	-10.4489575984943	-0.225563196550841	0.389687192147867	#F28238	0.999841141587432	0	0	0
412	CD14mono	-11.6516992214191	0.739707248199944	0.387874607818497	#F28238	0.999820884207157	0	0	0
413	CD4	8.27565559120293	-0.474929658781524	0.980528680939866	#005F9F	0	0	0	0.998544495565962
414	NK	3.20698722572441	-7.63475142241621	0.995655564606122	#492264	0	0	0	0.9992977483979
415	CD8	4.81825669975395	-0.525220288049216	0.969081929343278	#1481C4	0	0	0	0.99761929679899
416	NK	4.74379810066338	-9.50130902053022	0.998114972126117	#492264	0	0	0	0.999359226084546
417	CD8	4.81204303474541	-2.15492127658033	0.980793145365648	#1481C4	0	0	0	0.998664256119893
418	CD14mono	-8.97495666770821	0.988746659744744	0.397830713664787	#F28238	0.999880173175917	0	0	0
419	pDC	-2.60998622207527	5.14341916321612	0.190913647274642	#854199	0.97571319299186	0.0113970144259191	0.0101013175934281	0
420	CD4	7.96699413032646	1.60772647141314	0.977214995102405	#005F9F	0	0	0	0.998462728725584
421	plasmaB	3.68309744567986	5.25566329239703	0.641519354113434	#C757A1	0	0	0.621631418737606	0.377551692300216
422	CD14mono	-8.31906429557686	0.609511690128808	0.377240693976386	#F28238	0.999597181056162	0	0	0
423	NK	3.41320737571831	-6.34259997130537	0.991128354265975	#492264	0	0	0	0.999170801532392
424	NaiveB	4.05578073234673	10.9641851353536	0.877400678363181	#A896C8	0	0	0.99535028906814	0
425	CD8	3.78161963195915	-2.93639837027692	0.980857218609683	#1481C4	0	0	0	0.998691375671548
426	NK	3.53856333465691	-9.31131611586713	0.996739164971087	#492264	0	0	0	0.999330082672154
427	NK	3.58564552040215	-6.9673987460246	0.994269321962548	#492264	0	0	0	0.999258954357531
428	NaiveB	3.95090254516716	11.5752853321919	0.878446384349183	#A896C8	0	0	0.995596745293078	0
429	CLP	-0.310255801962662	5.41024007080889	0.416972250217409	#9AD9E9	0	0	0.974569536652041	0.0251360784702065
430	LMPP	-2.4933163288105	1.76993932007647	0.181940262241013	#00AF99	0.0408754398739287	0.0377763836233377	0.898079448729311	0.023268727773397
431	NaiveB	4.54646095008965	10.7534526753316	0.878337092725998	#A896C8	0	0	0.995555818885939	0
432	CD14mono	-10.7164870861042	-1.11161808491849	0.398813351451305	#F28238	0.999888385969709	0	0	0
433	pro/pre-B	-2.41039792327766	10.4591068196187	0.72944480482906	#A896C8	0	0	0.982792476231378	0.0171703751642415
434	MEP	-3.13458768157845	-2.99399719954633	0.290594770833017	#EF3741	0	0.999841460717822	0	0
435	HSC/MPP	-2.40127102165108	1.39840461491442	0.0333587695760512	#0E4421	0.403686928674601	0.352971294203465	0.236203823278202	0
436	NK	3.40031655998344	-8.18836937667036	0.9977375920332	#492264	0	0	0	0.999348160852437
437	CMP	-1.57547012596016	0.148454414595132	0.021253935482714	#46A147	0.407748076368857	0.373940322510975	0.211792724459135	0
438	CD8	-6.11249033241157	1.96099128006793	0.265936930230368	#1481C4	0.789701336907946	0	0.0984300216006266	0.103490045958561
439	NK	1.97043808670158	-9.64978466750287	0.926643210182358	#492264	0	0	0.0159726874309484	0.983648037526714
440	late-Ery	-6.79132524757271	-11.4900823664775	0.912008624872191	#901838	0	0.999999999999653	0	0
441	HSC/MPP	-1.76224056510811	0.955701367844109	0.00693647998526211	#0E4421	0.425768836614478	0.352633275044176	0.214950868906869	0
442	CD8	3.13187512130852	-4.57606898070478	0.985151786981902	#1481C4	0	0	0	0.99886009724729
443	GMP	-8.9078523281086	2.79997863053179	0.331152933489612	#FAA31B	0.996633663157424	0	0	0
444	NaiveB	3.16133769722099	10.8142169880757	0.87306973908133	#A896C8	0	0	0.994686342174745	0
445	early-Ery	-4.91155592231636	-5.51575337172651	0.611905798759466	#CC1F39	0	0.999999999970546	0	0
446	MemoryB	4.08547958107109	8.11756171463824	0.85194298420399	#B280B9	0	0	0.978978314179219	0.0209763038894696
447	late-Ery	-8.23215881614571	-10.7118002009501	0.883972181893774	#901838	0	0.999999999999735	0	0
448	MemoryB	4.34322437019463	7.96098078965044	0.83610521684626	#B280B9	0	0	0.967411160302986	0.0325184864214824
449	NaiveB	3.31083925933952	10.5601562428365	0.87214088921343	#A896C8	0	0	0.994625333053132	0
450	CD14mono	-10.2668420436848	1.71623815773821	0.384110876329631	#F28238	0.99978330228088	0	0	0
451	CD8	4.8198989269268	-2.58400212050581	0.975867892707203	#1481C4	0	0	0	0.998360613051739
452	early-Ery	-4.34646097450142	-5.11612139464521	0.561834979761021	#CC1F39	0	0.999999999344773	0	0
453	CMP	-1.49201444415932	0.274458127010827	0.0212736585434372	#46A147	0.407572636454871	0.374031851907903	0.211874968324873	0
454	NK	3.8120408889782	-9.08794937850141	0.998831795082229	#492264	0	0	0	0.999374257718287
455	early-Ery	-6.12998548774605	-5.81830607176923	0.689845276980524	#CC1F39	0	0.999999999999413	0	0
456	NaiveB	3.33966072769279	10.6591886448751	0.876140113839996	#A896C8	0	0	0.995203946756925	0
457	CD14mono	-9.76388851432686	-1.03204081774854	0.399692535698952	#F28238	0.999892288757926	0	0	0
458	CD16mono	-9.34564415244942	4.28207339524127	0.366043124028269	#F26625	0.999137197513844	0	0	0
459	CD8	6.25228580207939	0.251669661987786	0.974649613333182	#1481C4	0	0	0	0.998243854557303
460	late-Ery	-8.08163467674141	-9.54640827895307	0.885504076792546	#901838	0	0.999999999999753	0	0
461	GMP	-6.64267078666573	3.25609912155962	0.269337441360739	#FAA31B	0.99437389252046	0	0	0
462	CLP	0.158244499279213	5.65532435654498	0.427237905233648	#9AD9E9	0	0	0.97458582849591	0.0251364762024013
463	CD16mono	-9.47708717613106	5.99349440811968	0.362001641905193	#F26625	0.999037332269381	0	0	0
464	early-Ery	-7.03829399375801	-7.27138767958784	0.759904565813826	#CC1F39	0	0.999999999999685	0	0
465	CD4	7.65195258827324	2.10330666779376	0.942127460442772	#005F9F	0	0	0.0158022951707149	0.983818202089056
466	CD8	4.5869739887249	-2.70429526091718	0.983764775215494	#1481C4	0	0	0	0.998785029412602
467	early-Ery	-6.26408115653877	-6.78629885436201	0.733487384151201	#CC1F39	0	0.999999999999671	0	0
468	pDC	-3.08790222434883	5.74991645096636	0.193804769425504	#854199	0.975713193896417	0.0113970138907908	0.0101013172310038	0
469	late-Ery	-7.47299829749947	-9.37142334700727	0.878636769284069	#901838	0	0.999999999999733	0	0
470	CD16mono	-8.92594066886787	5.02728118180132	0.365431481795105	#F26625	0.999119957044094	0	0	0
471	CD8	3.47466381759758	-3.37861071349287	0.982872782110958	#1481C4	0	0	0	0.998756809767192
472	CD8	4.25131448478813	-2.8481942248454	0.982556634563487	#1481C4	0	0	0	0.998743698571057
473	NK	3.80435641975517	-8.5668598246684	0.998416867063315	#492264	0	0	0	0.99936549660442
474	NK	-7.11675754814033	3.08556284188128	0.820333765987935	#492264	0	0	0.0563782146503314	0.941018974858344
475	CD14mono	-8.84334770469551	-0.173037095080848	0.400408264966426	#F28238	0.999894594333009	0	0	0
476	CD4	7.44324620933647	-0.372977545570369	0.977248992639527	#005F9F	0	0	0	0.99845695554669
477	NaiveB	3.84354814262505	11.3342870640645	0.87805232305183	#A896C8	0	0	0.995532894089098	0
478	NK	4.40984185905571	-9.35641251326703	0.996948911309088	#492264	0	0	0	0.999335051691385
479	CD16mono	-8.41475502281074	5.78102864502764	0.370436130667587	#F26625	0.999292393608975	0	0	0
480	pDC	-5.943061030196	1.74176730393267	0.332068035482742	#854199	0.995235584249211	0	0	0
481	CD14mono	-11.5225412013996	-0.260627506386275	0.395023204680875	#F28238	0.999871665469143	0	0	0
482	NK	3.76408966751213	-6.29926214934492	0.986951916740449	#492264	0	0	0	0.998988670067962
483	CLP	0.29496508212204	5.65913190125323	0.4296557328024	#9AD9E9	0	0	0.974587782911888	0.0251365239154878
484	NK	3.91417154045219	-9.25394020796918	0.998551748914723	#492264	0	0	0	0.99936852699294
485	GMP	-7.09395185737495	3.44616116761065	0.268126890278432	#FAA31B	0.994355209155639	0	0	0
486	pro/pre-B	-1.57274428634529	10.35354556321	0.708912058101507	#A896C8	0	0	0.979383656126127	0.0205718307049482
487	CD14mono	-11.1052981975544	1.25196804283953	0.381967310662481	#F28238	0.999733776483245	0	0	0
488	NK	3.50612934799309	-6.65161953688764	0.976091253428316	#492264	0	0	0	0.998660118525529
489	NK	2.78347905845757	-9.58174572707319	0.998980772008759	#492264	0	0	0	0.999377375946921
490	pDC	-3.0283230903614	5.34256924866534	0.18736879579383	#854199	0.975713198523076	0.0113970111545372	0.0101013153764428	0
491	NaiveB	2.35051974029655	9.17492331742144	0.593277841594884	#A896C8	0	0	0.875906688097543	0.123825254605524
492	CD14mono	-8.30276409416084	-0.366466498087878	0.399683172761958	#F28238	0.999891412333485	0	0	0
493	CD4	9.6502064105999	0.699699418533807	0.982168419126597	#005F9F	0	0	0	0.998613682623254
494	CD8	-5.58771387367134	1.95764483689166	0.630254443448805	#1481C4	0.0169932931878064	0	0.1033780243561	0.879002520745514
495	NaiveB	2.94284685821648	10.4695285725484	0.853288120259363	#A896C8	0	0	0.989600799949376	0.0103767500994802
496	CD8	5.66952403755302	-1.64719162703657	0.967780546087115	#1481C4	0	0	0	0.997239109978369
497	NaiveB	3.80203279228325	11.445547478188	0.87695586797587	#A896C8	0	0	0.99519797347501	0
498	CD14mono	-8.78267780570869	-0.132510004650588	0.401159168066901	#F28238	0.999897397714056	0	0	0
499	NaiveB	4.39519151420708	10.6098836827169	0.877239624960968	#A896C8	0	0	0.995303085970936	0
500	NaiveB	4.01126369209404	10.356345551003	0.874530175294542	#A896C8	0	0	0.994375355304953	0
501	CD14mono	-9.06014267234688	-0.721139742146964	0.399270567832768	#F28238	0.999889560328085	0	0	0
502	CD8	4.36423095436211	-4.04896698714399	0.985036669455574	#1481C4	0	0	0	0.998853475002045
503	MEP	-3.52681318549995	-2.28836355925703	0.262776450942895	#EF3741	0	0.999243805430198	0	0
504	CD8	5.73525365562553	0.39982612608767	0.972634742097261	#1481C4	0	0	0	0.998006562413434
505	NaiveB	3.72138270111198	9.73774089096881	0.870987021130226	#A896C8	0	0	0.992321881512363	0
506	CD16mono	-8.67738930015449	5.99243869065142	0.359742984819844	#F26625	0.998953772549874	0	0	0
507	CD14mono	-8.06282440452461	3.41449226616717	0.352010749931591	#F28238	0.998458143754857	0	0	0
508	CD8	3.99884732933159	-4.30554209471845	0.986341397962236	#1481C4	0	0	0	0.99894272821183
509	NaiveB	3.09948857994194	11.6798213887105	0.874837466486606	#A896C8	0	0	0.994939618773355	0
510	CD4	8.00039943428154	1.11672379254199	0.976998842956373	#005F9F	0	0	0	0.998438741401771
511	CD4	8.32268222541924	0.386515872467523	0.981423665287733	#005F9F	0	0	0	0.998547164101808
512	pro/pre-B	1.69505771370049	10.6798433232198	0.859449120242608	#A896C8	0	0	0.993256717647931	0
513	CD16mono	-7.81745258598213	4.59855212448931	0.233907704252419	#F26625	0.917496616776867	0	0.0384388723792287	0.0393205408663959
514	CD8	4.03267272682304	-4.61148844481611	0.987062499031265	#1481C4	0	0	0	0.998978729832674
515	NaiveB	1.92399152488823	10.7875713276753	0.855842746474404	#A896C8	0	0	0.991354252296126	0
516	CD14mono	-10.4574720027912	0.774615542877679	0.388055557508274	#F28238	0.99982810316078	0	0	0
517	CD4	8.13583167762871	-0.568808717738624	0.979344285511551	#005F9F	0	0	0	0.998521366929738
518	CD8	6.43310579033012	-2.1046639514079	0.981856633523863	#1481C4	0	0	0	0.998702362892388
519	CD14mono	-8.42110840110664	1.09527506111956	0.398673478047455	#F28238	0.999885709712861	0	0	0
520	NK	3.63057168693657	-6.78603897811079	0.993129697935321	#492264	0	0	0	0.999219736916647
521	CD14mono	-7.73887411384468	4.02244223831988	0.375067401521925	#F28238	0.999494177462677	0	0	0
522	NK	4.50017436714287	-9.06356201888227	0.976081571448358	#492264	0	0	0	0.997749309783277
523	CD16mono	-8.12203136711006	4.05660332917071	0.339869606683919	#F26625	0.997381437908852	0	0	0
524	DC	-3.86155382423286	0.831685440529351	0.0671830398813215	#D13C27	0.922203974560656	0.0431892262402729	0.0314074425504173	0
525	plasmaB	3.73182066650505	5.25882043122149	0.643597000708573	#C757A1	0	0	0.621900586711149	0.377283105550573
526	CD14mono	-10.380033648299	-0.805508596908088	0.397396344069161	#F28238	0.999883182091804	0	0	0
527	NaiveB	3.16093786926384	11.4010652470479	0.877604323384934	#A896C8	0	0	0.995461058585975	0
528	CD8	5.51325925560112	-0.245478799652095	0.957774486707899	#1481C4	0	0	0	0.99577743789439
529	CD4	9.12003978462334	1.52081777333117	0.981426508884823	#005F9F	0	0	0	0.998544335415812
530	HSC/MPP	-2.40272132186775	0.566385285843377	0.0603441075516644	#0E4421	0.341862711569259	0.378166789620662	0.272067738992032	0
531	CD14mono	-5.86589065818672	1.59633602379656	0.338621892186681	#F28238	0.995970727427435	0	0	0
532	CMP	-1.88661042480354	-0.254035452466245	0.0351033992039447	#46A147	0.364976034944137	0.427740570617408	0.201149830900081	0
533	late-Ery	-7.02850738792305	-10.9891038966289	0.910849805709589	#901838	0	0.999999999999804	0	0
534	Baso	-3.79199878005867	0.0911460089573907	0.0344888083870965	#67B545	0.857649218089179	0.0818761699587546	0.0567879078172832	0
535	pro/pre-B	-2.24134985237007	10.4882892537007	0.731969631898919	#A896C8	0	0	0.983004191237114	0.0169591172913083
536	pro/pre-B	-2.56197181968575	10.3483756947408	0.73075661257368	#A896C8	0	0	0.982909032489582	0.0170540705728698
537	NaiveB	3.6938801643383	9.95795764206744	0.872365743630726	#A896C8	0	0	0.994243497380297	0
538	CD4	8.04562648506279	0.63443078278399	0.977137789832983	#005F9F	0	0	0	0.998456534900136
539	NaiveB	3.5912407276165	10.8976272511373	0.876934369442141	#A896C8	0	0	0.995254080553265	0
540	LMPP	-2.02129021911507	2.55831875084734	0.0468572223858031	#00AF99	0.413523109991525	0.317379060191779	0.261287447170296	0
541	NK	2.64619740219231	-9.8735176158061	0.999153551719691	#492264	0	0	0	0.999380944612741
542	CD4	6.70960410804863	0.6173807549367	0.9760654037482	#005F9F	0	0	0	0.998406485764731
543	CD4	8.55660709114189	-0.136513559233184	0.975676940332767	#005F9F	0	0	0	0.998361999868069
544	NK	3.4324432250988	-8.03729496718549	0.99648969019761	#492264	0	0	0	0.99932132032431
545	CD14mono	-11.7333709362019	-0.549069209109779	0.39472486107184	#F28238	0.999870322733682	0	0	0
546	NK	4.05229839058037	-7.93916712523603	0.996240198304752	#492264	0	0	0	0.999315297243126
547	pro/pre-B	-1.50209990768318	8.13224734543658	0.645824973736027	#A896C8	0	0	0.978396485821056	0.0215567977695247
548	late-Ery	-8.36660019187813	-10.6074873042216	0.895034202394695	#901838	0	0.999999999999773	0	0
549	pro/pre-B	-2.08496824531441	9.21880473374224	0.712178262905626	#A896C8	0	0	0.980939548369561	0.0190193019722852
550	CD14mono	-8.49800220756416	1.26205398320055	0.398558205423614	#F28238	0.999884709339261	0	0	0
551	DC	-4.86127249030952	1.14355363129473	0.191953336208364	#D13C27	0.990775817751461	0	0	0
552	CD4	7.26693471641655	-0.279479224320288	0.978241925458438	#005F9F	0	0	0	0.998505489423363
553	CD14mono	-9.12506977348213	-0.780747039329047	0.394404093953377	#F28238	0.99986504835652	0	0	0
554	CD14mono	-10.9644357326496	0.0191188025364922	0.391660975827772	#F28238	0.999850436371481	0	0	0
555	late-Ery	-8.06831184654121	-10.7874446940532	0.900093356154273	#901838	0	0.99999999999978	0	0
556	plasmaB	4.14720567436333	6.47776831864214	0.667548654282751	#C757A1	0	0	0.646472321610401	0.352764429083186
557	pro/pre-B	-2.39083448676949	9.78605784653521	0.727498437687053	#A896C8	0	0	0.982612320938512	0.0173501414651222
558	DC	-5.04197136192207	1.46004034756518	0.147028343683754	#D13C27	0.978372272351857	0	0	0
559	CD14mono	-8.5140887859333	0.828352944839959	0.399698557787786	#F28238	0.999890043000874	0	0	0
560	MEP	-3.96259132652168	-4.79877529860639	0.519402344512335	#EF3741	0	0.999999994466828	0	0
561	CD16mono	-9.29907146720772	4.15397204636431	0.373616037462062	#F26625	0.99942597098351	0	0	0
562	CD14mono	-7.58819023399239	0.528856592167382	0.390533641320343	#F28238	0.999847904062593	0	0	0
563	CD14mono	-7.47412697105293	1.1370740103612	0.378361967091216	#F28238	0.999631869511213	0	0	0
564	CD8	4.78055652351494	-2.66098676444196	0.982280773310921	#1481C4	0	0	0	0.998710769538292
565	plasmaB	4.28236945839043	5.73916854142046	0.649468788155193	#C757A1	0	0	0.623798254164594	0.375389535784216
566	CD16mono	-8.86587349204903	5.22367038010455	0.366567684323537	#F26625	0.999172299525321	0	0	0
567	CD4	8.55453475685234	1.65944673298693	0.977657950907442	#005F9F	0	0	0	0.998494027331793
568	CD14mono	-5.69801107673531	1.54551293133593	0.330264678032757	#F28238	0.108178705794155	0	0.307294151269424	0.579687515961845
569	MemoryB	4.21377834053154	8.62267245529986	0.859393408907319	#B280B9	0	0	0.987907380362384	0.0120665139079976
570	late-Ery	-7.66575161247139	-11.1256338191142	0.907074573050655	#901838	0	0.999999999999793	0	0
571	NaiveB	4.34026750297661	11.0307849812398	0.877524792906657	#A896C8	0	0	0.995411986059173	0
572	NaiveB	3.90658839912529	11.0284122395406	0.877194888055303	#A896C8	0	0	0.995292528448493	0
573	pro/pre-B	1.518320285989	10.6003431248555	0.849675189639402	#A896C8	0	0	0.989092458434344	0.0108839941979453
574	CD14mono	-8.14211479453926	3.21499861954546	0.381523723471856	#F28238	0.999721328831502	0	0	0
575	GMP	-5.75926033286934	4.22267140625811	0.232268203916792	#FAA31B	0.993670365616387	0	0	0
576	early-Ery	-5.69465175895576	-5.86061535597944	0.685516950774034	#CC1F39	0	0.999999999999323	0	0
577	NaiveB	4.29359849662895	10.462130920876	0.876978514502104	#A896C8	0	0	0.995021212382833	0
578	pDC	-2.66202226905708	5.18020381211138	0.190757960020308	#854199	0.975713193020849	0.0113970144087789	0.0101013175818046	0
579	NaiveB	4.3374417659771	11.6566986012349	0.877596658243199	#A896C8	0	0	0.995439907642997	0
580	NaiveB	4.594292485429	10.8277429509053	0.878087070960882	#A896C8	0	0	0.995520095025218	0
581	early-Ery	-7.83315387992744	-8.74975929976606	0.861785618537287	#CC1F39	0	0.999999999999708	0	0
582	CMP	-1.9517610433567	-0.176555035721297	0.037011073953363	#46A147	0.363222514339138	0.430092733985493	0.200570668748453	0
583	late-Ery	-7.00550524024849	-11.8403793406596	0.912755143299713	#901838	0	0.999999999999726	0	0
584	NaiveB	-3.59360615043526	-2.54440699340009	0.875232662678495	#A896C8	0	0	0.994817986629622	0
585	late-Ery	-7.72282472877388	-10.9179702830424	0.90042182432283	#901838	0	0.999999999999773	0	0
586	CD4	8.65288909645195	0.787762300957208	0.978093955180347	#005F9F	0	0	0	0.998484616246516
587	HSC/MPP	-1.65461853771095	0.807322638023858	0.00801487259042793	#0E4421	0.423207365480054	0.355319400342784	0.214835818506796	0
588	MEP	-2.71804419784431	-1.71727405310773	0.162673295762977	#EF3741	0.0134665405946695	0.977827598582452	0	0
589	MemoryB	4.45024903984184	9.57049025772906	0.87293752893223	#B280B9	0	0	0.994054300990398	0
590	CD14mono	-11.3215657833088	1.25092818020678	0.381553710976635	#F28238	0.99972097152879	0	0	0
591	CD14mono	-11.299111521529	0.450801150787835	0.391918614046122	#F28238	0.999852452282006	0	0	0
592	CD8	6.06210168571587	-0.153837783347602	0.963479226748071	#1481C4	0	0	0	0.996972652900898
593	CD4	8.79174312324638	-0.523702753793235	0.977243199422857	#005F9F	0	0	0	0.99846073624684
594	GMP	-10.4325753810871	2.27126659630633	0.345296364972116	#FAA31B	0.997905966550975	0	0	0
595	late-Ery	-8.13710418968086	-9.98534832717084	0.896451108861115	#901838	0	0.999999999999781	0	0
596	MEP	-3.29792419700508	-3.65934549094343	0.352957129746562	#EF3741	0	0.999990731136554	0	0
597	CD14mono	-8.18670574455147	1.35737182377673	0.391884972793449	#F28238	0.999850628437349	0	0	0
598	pDC	-2.59268299369698	5.43821467636919	0.193435198028522	#854199	0.975713193833338	0.0113970139281209	0.0101013172562646	0
599	CD4	7.10926421852226	-0.0144074690451576	0.977848387220087	#005F9F	0	0	0	0.998511217323165
600	CD8	4.44729789466972	-4.77339659453535	0.983887416434361	#1481C4	0	0	0	0.998769312145269
601	NK	3.44633611412163	-9.59427414656782	0.994952881723109	#492264	0	0	0	0.999277548825696
602	CD4	9.47431644172783	0.593438463200097	0.969600276498198	#005F9F	0	0	0	0.997642875582493
603	CD16mono	-9.2531310680378	3.83279694794512	0.374688483775774	#F26625	0.999464432246158	0	0	0
604	MemoryB	4.19306548805351	7.7710193562398	0.814196812792908	#B280B9	0	0	0.952292769554462	0.047604239145865
605	CD14mono	-9.61507049827461	0.369729595173364	0.408099424591402	#F28238	0.789701336907919	0	0.0984300216006392	0.103490045958575
606	late-Ery	-6.63370338706856	-10.9461494517436	0.912386677072786	#901838	0	0.999999999999774	0	0
607	early-Ery	-6.21846548347359	-6.39709149123334	0.709557148725708	#CC1F39	0	0.999999999999602	0	0
608	CD14mono	-8.33296982078438	1.87250556229449	0.382974090537608	#F28238	0.999753960782673	0	0	0
609	pro/pre-B	-2.03521147994881	8.78841628311968	0.698255109411441	#A896C8	0	0	0.979745217518134	0.0202110524739604
610	late-Ery	-7.58736196784859	-10.5692888331523	0.900013408988697	#901838	0	0.999999999999771	0	0
611	late-Ery	-7.8055311801899	-10.0928798747172	0.900822880017383	#901838	0	0.999999999999789	0	0
612	NaiveB	3.15799649925346	10.6142553257833	0.876804520198643	#A896C8	0	0	0.995282753592833	0
613	CD14mono	-11.1566764476765	0.814257280815606	0.356545889627469	#F28238	0.998042621292946	0	0	0
614	CD14mono	-10.2490588787067	1.05303467987872	0.394976626785952	#F28238	0.999870754161896	0	0	0
615	CD4	8.83589156837578	-0.559073565613265	0.98173623756199	#005F9F	0	0	0	0.998576074240777
616	CD14mono	-8.77991405753975	1.30747951744891	0.395076039612761	#F28238	0.999870308278553	0	0	0
617	NaiveB	4.32612403602715	12.309847252358	0.879099163149277	#A896C8	0	0	0.995720736285253	0
618	late-Ery	-6.54730478553657	-10.921766860496	0.914693715747824	#901838	0	0.999999999999778	0	0
619	CD14mono	-11.5091573360432	-0.00450675011777413	0.394119004702124	#F28238	0.999865855051547	0	0	0
620	NK	3.9412482616436	-9.31567536116743	0.998119565659084	#492264	0	0	0	0.999359054954221
621	GMP	-5.05321279792671	3.96231593369341	0.215650111223318	#FAA31B	0.992945586576746	0	0	0
622	plasmaB	4.06942161293144	5.62320317505694	0.653149013402776	#C757A1	0	0	0.629249632204743	0.369949929056443
623	NaiveB	3.4004300472271	11.4927581715474	0.870152098444328	#A896C8	0	0	0.994436797955293	0
624	CD8	4.74885495872612	-2.94524441481733	0.983513113904521	#1481C4	0	0	0	0.998764764185158
625	MEP	-2.92957536010628	-2.09645365000867	0.203806579543042	#EF3741	0	0.994908594734964	0	0
626	CD14mono	-9.0088626506794	1.48779894589282	0.394335021898371	#F28238	0.99986354513984	0	0	0
627	CD14mono	-9.94484344749336	-0.865667982112403	0.399129100943161	#F28238	0.999889883752413	0	0	0
628	CLP	0.333649539662552	5.58670319794512	0.416962457840979	#9AD9E9	0	0	0.974568475662641	0.0251360525683106
629	CD14mono	-8.12130371360664	1.48373986958361	0.394061280863501	#F28238	0.999860916360691	0	0	0
630	pDC	-2.67304745941048	5.11325062989092	0.190651440961165	#854199	0.975713192596216	0.0113970146599554	0.0101013177519719	0
631	NaiveB	3.67064222068901	9.82953585862017	0.874406453563242	#A896C8	0	0	0.994346369077433	0
632	NK	4.52154811592217	-9.61435185195112	0.996797559925551	#492264	0	0	0	0.999331424584745
633	NaiveB	3.34225257606621	10.8611225056539	0.876809797953408	#A896C8	0	0	0.995293679171436	0
634	CD16mono	-8.41892067222481	5.14014424561358	0.371535376833247	#F26625	0.999346841629147	0	0	0
635	CD16mono	-9.44039455680733	5.71920766114092	0.357431794130674	#F26625	0.998760222482412	0	0	0
636	NK	4.23241265983696	-9.59917603255414	0.998532346797319	#492264	0	0	0	0.999368178600263
637	late-Ery	-6.61196533470039	-10.9162708354106	0.89541320947698	#901838	0	0.999999999999336	0	0
638	NK	4.44354280204887	-9.62735520125532	0.916567882947764	#492264	0	0	0.0442015601193939	0.955008440163941
639	CD14mono	-9.24060741691475	1.32510866402483	0.395346441108213	#F28238	0.999872911597716	0	0	0
640	MemoryB	4.00998386116142	9.10792674301959	0.866758849214874	#B280B9	0	0	0.99182839110356	0
641	CD14mono	-10.5490371349323	-0.584386689673896	0.397350804112947	#F28238	0.999883770683392	0	0	0
642	pDC	-2.61122576026802	4.50260628937579	0.114697397190317	#854199	0.975696621973331	0.0114068158833285	0.0101079588011424	0
643	NK	3.2834285137188	-7.64915333510541	0.996179014616949	#492264	0	0	0	0.999313365443213
644	CD4	6.84299358101006	1.74270071266985	0.972379217791436	#005F9F	0	0	0	0.997983237182981
645	NaiveB	3.81108602256889	11.7190364766011	0.877116927847534	#A896C8	0	0	0.995307465706494	0
646	GMP	-11.0184747341145	1.44024576424456	0.378860974068246	#FAA31B	0.999637635775556	0	0	0
647	MemoryB	3.77375920982475	8.7878765034566	0.861043248111642	#B280B9	0	0	0.986994157981351	0.0129777648110023
648	CD16mono	-9.43556705741768	5.90529574631548	0.346059039262912	#F26625	0.998140718368123	0	0	0
649	CD14mono	-8.04105488090401	-0.433393536221023	0.396944165116621	#F28238	0.999879229836087	0	0	0
650	CD14mono	-9.48771683006172	1.03833450554705	0.397709220489559	#F28238	0.999880558000774	0	0	0
651	CD8	3.13816412658806	-4.44402848006391	0.98562474484499	#1481C4	0	0	0	0.998894519815933
652	CD4	6.93177446098442	1.17004646538592	0.974818373654671	#005F9F	0	0	0	0.998266706882874
653	NaiveB	3.8488365051281	11.405490295876	0.877270158422766	#A896C8	0	0	0.995354045577688	0
654	pDC	-2.87950483589058	4.8845766949544	0.185084646710841	#854199	0.975713164129814	0.0113970314978836	0.0101013291599693	0
655	NaiveB	3.15825613708611	9.37290419815875	0.791300524524631	#A896C8	0	0	0.694884571408395	0.304456747287425
656	NaiveB	4.70382388801689	10.676974670876	0.877979687643088	#A896C8	0	0	0.995400280303972	0
657	NK	3.4302733776104	-6.48807869673872	0.990855512481578	#492264	0	0	0	0.999160888343305
658	CD4	7.01397117347832	0.86993088005877	0.958740855213473	#005F9F	0	0	0	0.996109888807629
659	CD14mono	-7.97116056709175	-0.179324654947753	0.398124757007956	#F28238	0.999884368927509	0	0	0
660	CD8	-1.55560032157783	10.0892890858541	0.934817492348858	#1481C4	0	0	0.03345829360673	0.965904211208837
661	MemoryB	4.27818664283867	8.65837229966021	0.864459546539818	#B280B9	0	0	0.990448141980191	0
662	late-Ery	-7.35761038093452	-11.827266318809	0.911706914172447	#901838	0	0.999999999999786	0	0
663	CD8	4.44920715065117	-4.59265814543867	0.986537553126601	#1481C4	0	0	0	0.998955615461189
664	NK	3.57034596176262	-9.57700501204633	0.998278987976641	#492264	0	0	0	0.999362657927891
665	CLP	0.275211804820252	5.93229665039874	0.431875050730925	#9AD9E9	0	0	0.974589256978954	0.0251365599018337
666	CD4	9.33190902443047	0.943950788963799	0.977917812610666	#005F9F	0	0	0	0.998469739055892
667	CD14mono	-9.49598518638496	-0.561846567403312	0.381272746915889	#F28238	0.999771787885866	0	0	0
668	CD14mono	-9.65910736350899	1.09065593956805	0.38680600418027	#F28238	0.999807148989472	0	0	0
669	CD4	7.21684297294731	-0.575167490254874	0.977805348669053	#005F9F	0	0	0	0.99850835456258
670	CD14mono	-11.5501968029011	0.641429262150292	0.388717587627442	#F28238	0.999833942588622	0	0	0
671	CD8	5.88111480445976	-0.407385056923862	0.977531197003158	#1481C4	0	0	0	0.998485676090183
672	CD14mono	-8.49229255943184	0.927581088531976	0.398856147386545	#F28238	0.99988685116369	0	0	0
673	NK	4.32757075996513	-9.73597012282514	0.998921506777561	#492264	0	0	0	0.999376153893558
674	CD16mono	-8.60463157920723	5.19568099259234	0.372250439266658	#F26625	0.999373532095263	0	0	0
675	MemoryB	4.02459558220024	8.44261016129351	0.859312057904677	#B280B9	0	0	0.987458184027336	0.012514740511298
676	CD14mono	-10.258210337447	-0.866980714808936	0.399547595697203	#F28238	0.999891812669612	0	0	0
677	NaiveB	4.70577081413384	10.7408937382588	0.866669833931479	#A896C8	0	0	0.989695353797638	0.0102824003768682
678	MemoryB	4.19063028068657	8.04745520829058	0.844532652115471	#B280B9	0	0	0.970538440166133	0.0293979577767721
679	CD14mono	-9.30708328513985	-1.10234902621412	0.398954688469894	#F28238	0.999889152344839	0	0	0
680	pro/pre-B	-1.88148502139931	9.99072875260211	0.708622631005496	#A896C8	0	0	0.57513403901207	0.423948668949332
681	early-Ery	-7.20394245414619	-7.80517683745527	0.793684880316215	#CC1F39	0	0.999999999999689	0	0
682	pDC	-2.5643247726429	5.33111323593951	0.188851968188668	#854199	0.975713191889386	0.0113970150781856	0.0101013180351004	0
683	CD14mono	-7.68685261039619	2.4364999699483	0.379785732433656	#F28238	0.999682967526706	0	0	0
684	late-Ery	-7.48195091514473	-11.5984674525371	0.911791196165212	#901838	0	0.999999999999774	0	0
685	CD14mono	-9.32315841941719	1.62178303479052	0.394735641591341	#F28238	0.99986733435028	0	0	0
686	CD4	6.8697903987896	-0.591673864137168	0.980410950797676	#005F9F	0	0	0	0.998549364006168
687	pro/pre-B	1.48204549522514	10.6537383961568	0.849294128398777	#A896C8	0	0	0.988822704090146	0.0111531661921692
688	CD16mono	-9.10436550407295	5.92090214966631	0.366205402131597	#F26625	0.999151357564848	0	0	0
689	CD14mono	-10.3744975688923	0.038974122990136	0.39713881255798	#F28238	0.999882362581086	0	0	0
690	NaiveB	3.26778396339531	11.7732728886495	0.878379721348285	#A896C8	0	0	0.995653184763582	0
691	plasmaB	3.4439645645153	6.05267705201006	0.603518675113079	#C757A1	0	0	0.621449826948691	0.368989035763608
692	GMP	-6.06054989127998	2.57897962807513	0.236619257258495	#FAA31B	0.993875239548737	0	0	0
693	CD8	5.52243455619926	-0.848526997577186	0.977989852063775	#1481C4	0	0	0	0.998533513150634
694	CLP	-0.974389529513168	3.97317876099444	0.236280561519884	#9AD9E9	0	0	0.957886658154345	0.0247287999601848
695	CD14mono	-9.2819053295124	-0.0594079923739387	0.401153420346065	#F28238	0.999897369000383	0	0	0
696	NK	2.8408904907238	-9.67933045149946	0.997387566598399	#492264	0	0	0	0.999347197766392
697	late-Ery	-7.83823028831367	-10.0727249217143	0.902542937465918	#901838	0	0.999999999999792	0	0
698	NK	-2.69939080505257	4.75288094757891	0.886028018389661	#492264	0	0	0.0757237543132335	0.923124163213741
699	LMPP	-2.08981767921333	2.45395864724017	0.0168497766129207	#00AF99	0.442204334417083	0.33288019805132	0.218143522491023	0
700	late-Ery	-7.42789999275093	-10.7066694331279	0.907464437024213	#901838	0	0.999999999999797	0	0
701	NK	3.32016810150261	-8.97389374495649	0.999113396564306	#492264	0	0	0	0.999379883814619
702	CD4	9.66159518928642	0.948847191322808	0.981709362289762	#005F9F	0	0	0	0.998573340370411
703	CD14mono	-11.7931911113728	0.452280418861871	0.384665411077962	#F28238	0.999786454776201	0	0	0
704	early-Ery	-4.21943060188179	-5.06981669188642	0.565024974373098	#CC1F39	0	0.999999999434705	0	0
705	NK	3.66933568687553	-8.3558813166728	0.994101404210472	#492264	0	0	0	0.999276836197655
706	early-Ery	-6.7316729190815	-6.83475456954145	0.743456872915654	#CC1F39	0	0.999999999999678	0	0
707	NK	3.32004054756279	-10.0728031230082	0.99873219922145	#492264	0	0	0	0.99937243360399
708	CLP	-0.713771438883591	6.99479760407305	0.500752580280712	#9AD9E9	0	0	0.974784037698884	0.0251413150733649
709	CD14mono	-11.1532746913898	-0.357263965617652	0.39635737568711	#F28238	0.999878853711377	0	0	0
710	CD4	6.86471494407768	0.286218659866814	0.977113969203708	#005F9F	0	0	0	0.998444646972388
711	CD8	4.4004014369976	-0.939051909457679	0.974854623182794	#1481C4	0	0	0	0.998267123564527
712	NaiveB	3.5497904655468	10.0027288365254	0.877077110820711	#A896C8	0	0	0.995337423356434	0
713	CD4	9.03473838539238	0.711467998016839	0.981407374359952	#005F9F	0	0	0	0.998547318702995
714	CD4	7.71169122429009	0.85621930836535	0.98052045356717	#005F9F	0	0	0	0.998532539220673
715	NK	4.62391504020805	-9.42982826949262	0.997181102341726	#492264	0	0	0	0.999340152896139
716	pDC	-2.46220937995796	5.03662146805621	0.185958324308813	#854199	0.975713178432913	0.0113970230377383	0.0101013234277993	0
717	CD14mono	-9.16057411460762	3.01667656182147	0.350901268585284	#F28238	0.998317861521373	0	0	0
718	late-Ery	-5.90916267661934	-12.4582544398417	0.852876725070586	#901838	0	0.999999999998754	0	0
719	CD4	6.74899848671074	-0.237571930598254	0.976885846813656	#005F9F	0	0	0	0.998434302802867
720	CD8	3.86051114769096	-4.7543245387187	0.987256732491421	#1481C4	0	0	0	0.998989518989063
721	NK	2.82183393211479	-9.99596462966108	0.994833167652363	#492264	0	0	0	0.999292339677685
722	CD14mono	-7.65874115257149	2.68755234955645	0.383283482315445	#F28238	0.99975748447931	0	0	0
723	early-Ery	-6.1233793857563	-5.98748121977949	0.705015286010767	#CC1F39	0	0.999999999999579	0	0
724	CD14mono	-10.8039123180378	0.519580321300988	0.394528060096933	#F28238	0.999868195086396	0	0	0
725	CD8	4.39236673088188	-2.50244580031538	0.980325912994205	#1481C4	0	0	0	0.998645120859185
726	CD4	8.4215629932415	0.903509514320855	0.97191850313396	#005F9F	0	0	0	0.997876142373319
727	CD4	6.54111369819756	1.05201210259295	0.968064742636127	#005F9F	0	0	0	0.997546289251907
728	MEP	-3.25960866241341	-2.63557873488569	0.298794277621334	#EF3741	0	0.999892652905755	0	0
729	CD14mono	-8.19031826286201	0.521783130157952	0.395088028168193	#F28238	0.999871304143234	0	0	0
730	NaiveB	3.82553347320671	12.0921768116841	0.878894994175315	#A896C8	0	0	0.995665615707971	0
731	pro/pre-B	-0.693532324122238	7.49365605591631	0.611272077698865	#A896C8	0	0	0.976251265347821	0.0236971759868034
732	CD8	4.67093309135551	-3.2576819491496	0.983587810893824	#1481C4	0	0	0	0.998765630378722
733	GMP	-4.72528377799873	3.7669795918355	0.195956764360686	#FAA31B	0.990996674245064	0	0	0
734	CD8	4.62228521080132	-2.26593397380018	0.977977547339448	#1481C4	0	0	0	0.998541923704224
735	CD8	3.29486736030693	-2.71593533278608	0.959805912257844	#1481C4	0	0	0	0.9958225994983
736	CD8	4.16180976600761	-1.82343600512647	0.973609656544793	#1481C4	0	0	0	0.998152715327211
737	CLP	-0.809542274760055	4.24064769028521	0.278674059404265	#9AD9E9	0	0	0.968182458741327	0.0249801509683118
738	GMP	-7.33642355232124	3.33255662201739	0.295438220332685	#FAA31B	0.994590806681009	0	0	0
739	early-Ery	-7.58008018760567	-8.63562260390424	0.828970517024953	#CC1F39	0	0.99999999999969	0	0
740	CD14mono	-8.8157941463459	1.74733914612627	0.389814355322747	#F28238	0.99983498104576	0	0	0
741	NK	3.77251752586479	-8.85614071608686	0.988398041970401	#492264	0	0	0	0.998955270574606
742	CD14mono	-8.49472538261299	1.95827950714922	0.391543298852455	#F28238	0.999844764119932	0	0	0
743	CD14mono	-8.48656002311592	2.4350224900136	0.38821169700317	#F28238	0.999803468483544	0	0	0
744	CD4	6.29214032859917	0.77473451374865	0.97351085326375	#005F9F	0	0	0	0.99810343199746
745	CD4	6.11773618431206	0.548328058708672	0.969728553559071	#005F9F	0	0	0	0.997714481093874
746	HSC/MPP	-2.00276378421669	1.38500966309405	0.00846100805801796	#0E4421	0.43087637192403	0.345752562575558	0.216666562767365	0
747	NK	3.44149287910576	-6.89721880675458	0.967686070065383	#492264	0	0	0	0.997018190897366
748	CD4	6.68205007286186	0.568165855396752	0.97696688124976	#005F9F	0	0	0	0.998427901106232
749	NaiveB	4.04961332054253	11.163118736733	0.877252977368438	#A896C8	0	0	0.995339377944233	0
750	CD4	8.93649276466484	0.0806063878426598	0.97675830005838	#005F9F	0	0	0	0.998416665874672
751	early-Ery	-7.02604118614082	-7.47153769255781	0.786405667711054	#CC1F39	0	0.999999999999689	0	0
752	CD14mono	-9.20210663108711	-0.963739736091132	0.346138320425861	#F28238	0.997874276879348	0	0	0
753	NK	3.98226627082939	-6.02340899230146	0.988656064825034	#492264	0	0	0	0.999066521888286
754	CD14mono	-10.7973186138142	-1.01886676074171	0.397584271888884	#F28238	0.999884938318858	0	0	0
755	CD16mono	-7.80150905876045	4.67046918152667	0.373991471743145	#F26625	0.999440977806778	0	0	0
756	NK	3.58263238639946	-9.80611572981977	0.999173978564304	#492264	0	0	0	0.999381083928042
757	CD14mono	-9.45354858665352	0.735714452255731	0.394756374830903	#F28238	0.999867672667356	0	0	0
758	CD8	3.7674246665966	-3.45934258223676	0.983929254265409	#1481C4	0	0	0	0.998783798790546
759	CD14mono	-11.0692855480183	-0.220557225953574	0.394204223402834	#F28238	0.999865522901447	0	0	0
760	Baso	-3.93639222411995	-0.283368840899105	0.0284439904189388	#67B545	0.560897157147217	0.259843449417553	0.173335594735978	0
761	late-Ery	-6.80256239204292	-10.709741218101	0.911825651108612	#901838	0	0.999999999999792	0	0
762	CD14mono	-10.8883868816364	-0.489346129905219	0.396813112526393	#F28238	0.999880375279735	0	0	0
763	NaiveB	4.14221795768852	9.84460677384234	0.875089614051937	#A896C8	0	0	0.994655890674848	0
764	pDC	-2.83673373489265	5.77070798157549	0.192505009438432	#854199	0.975713193338253	0.011397014220991	0.0101013174546452	0
765	CD4	7.60396274299736	-1.74188433409833	0.979818380616413	#005F9F	0	0	0	0.998615762135039
766	early-Ery	-5.82349077491646	1.68029441117144	0.416410915204002	#CC1F39	0.0305268116539952	0	0.130651593717111	0.837700477503562
767	NK	3.33697422714348	-8.43990479231977	0.995489231145289	#492264	0	0	0	0.999290726769159
768	MEP	-2.15434829025154	-0.58757804156446	0.0589455849384323	#EF3741	0.32872544834413	0.479592307371267	0.186032500113479	0
769	CD14mono	-10.259783900069	-0.224855898033614	0.39499215365116	#F28238	0.999870249972443	0	0	0
770	GMP	-6.95378652839546	2.59114755867815	0.24330812839259	#FAA31B	0.993599548820642	0	0	0
771	CD4	6.36502298088188	1.4257977175603	0.968182450101491	#005F9F	0	0	0	0.997518044505654
772	pDC	-2.60557595519905	5.64112939118243	0.191124933535675	#854199	0.975713193316925	0.0113970142336245	0.0101013174631755	0
773	GMP	-9.17336002616768	2.57962264298296	0.290145329840493	#FAA31B	0.994536129970094	0	0	0
774	CD14mono	-10.7362567546833	-0.53872994900846	0.39543654641857	#F28238	0.99987410224179	0	0	0
775	CD14mono	-8.15317837028389	0.102359877813821	0.395172350382531	#F28238	0.999871933025964	0	0	0
776	MemoryB	4.18131669731255	9.04702128647662	0.866791383748904	#B280B9	0	0	0.99187434556967	0
777	late-Ery	-7.65564028053169	-10.2661644053569	0.795604971377614	#901838	0	0.999999999999688	0	0
778	CD4	8.51799186439629	-0.586513293992515	0.981573318745125	#005F9F	0	0	0	0.998558686692883
779	NaiveB	2.54636248321648	10.5607532429586	0.870749683945402	#A896C8	0	0	0.994119912071969	0
780	CLP	-0.275021574186134	5.2125157284627	0.409467373524478	#9AD9E9	0	0	0.974553641011052	0.0251356904104982
781	CD8	4.92531760902519	-2.63189731360578	0.977917042428749	#1481C4	0	0	0	0.998529177854786
782	MEP	-3.45685664443855	-3.95632277251386	0.397969207523724	#EF3741	0	0.999998870588078	0	0
783	CD8	5.83928712577934	-1.42120586157941	0.980435017141876	#1481C4	0	0	0	0.9986000464547
784	NK	3.69343956680412	-8.60344944716596	0.9983458574965	#492264	0	0	0	0.999364020521459
785	NaiveB	2.32780798645134	10.8750566410909	0.868621295102839	#A896C8	0	0	0.994743684624647	0
786	NaiveB	3.00039156646843	10.192693130959	0.872337009051309	#A896C8	0	0	0.994634491712208	0
787	CD16mono	-8.17484394340401	5.21955765961504	0.370606177828729	#F26625	0.999292939358618	0	0	0
788	CD14mono	-11.6160327556599	-0.266544768672223	0.383814477748304	#F28238	0.999772563636871	0	0	0
789	late-Ery	-8.1532546642292	-10.9327045512309	0.905360895179341	#901838	0	0.999999999999797	0	0
790	pDC	-2.89921847610359	5.38941468476153	0.193093365883566	#854199	0.975713193636678	0.0113970140444643	0.0101013173350583	0
791	NaiveB	4.66650708885307	11.5789035725484	0.876117523111827	#A896C8	0	0	0.994705952226247	0
792	CD4	7.80721219749565	1.12173177479601	0.976611827498077	#005F9F	0	0	0	0.998393191372276
793	pro/pre-B	-1.70614293842201	8.36925162552691	0.672759103315373	#A896C8	0	0	0.979330615839603	0.0206247492848505
794	CLP	0.283825450850678	5.7400077748189	0.427516568783973	#9AD9E9	0	0	0.974586115632365	0.0251364832122532
795	CD14mono	-11.042221224593	0.204487698067193	0.389369817214994	#F28238	0.999842737400723	0	0	0
796	MemoryB	3.80458816261406	9.27175082444048	0.864700072445384	#B280B9	0	0	0.990485586631418	0
797	CD14mono	-10.4118310573566	0.97848059414721	0.394697648220351	#F28238	0.999868792527299	0	0	0
798	NaiveB	3.07326945037956	11.3842824864278	0.877300623611161	#A896C8	0	0	0.99541227140849	0
799	CD8	3.97210820884819	-5.71600065947675	0.980803814737087	#1481C4	0	0	0	0.998674990395451
800	HSC/MPP	-2.07223693160896	1.01384426831103	0.00309146392456653	#0E4421	0.433964262464237	0.344609295493662	0.214763033867849	0
801	GMP	-7.32200685768013	3.38132728813982	0.278797086157871	#FAA31B	0.994457903184866	0	0	0
802	CD14mono	-8.20431820182686	1.96835531472064	0.388890644734772	#F28238	0.999820930993355	0	0	0
803	NK	3.69088515014763	-7.77839909316206	0.994556704757815	#492264	0	0	0	0.999269102788294
804	CD14mono	-9.68618885307198	1.38577903984881	0.394228296509611	#F28238	0.999863790326375	0	0	0
805	NK	3.52094801635857	-8.80388699294233	0.999429111393608	#492264	0	0	0	0.999386166041974
806	early-Ery	-5.95321241645699	-6.02311669112348	0.690551332266784	#CC1F39	0	0.999999999999425	0	0
807	NK	4.01068671913261	-7.96635685683393	0.987170782854939	#492264	0	0	0	0.998814644449563
808	late-Ery	-7.17304340629463	-10.8935152125468	0.910089877174536	#901838	0	0.999999999999806	0	0
809	MemoryB	4.26841243476982	8.69304980515338	0.865117973885377	#B280B9	0	0	0.991097977238948	0
810	late-Ery	-8.37256637840157	-10.5821481776347	0.899774228284578	#901838	0	0.999999999999784	0	0
811	NK	2.962123477174	-8.55141220809125	0.998424990482281	#492264	0	0	0	0.999365806246508
812	pDC	-2.87404814987068	5.31903924225665	0.193465793123716	#854199	0.975713193753476	0.0113970139753551	0.0101013172882736	0
813	NaiveB	3.29492386551018	11.5869354176412	0.877893799159051	#A896C8	0	0	0.995497883771693	0
814	pro/pre-B	-2.34095541267281	10.7003950047383	0.731333918312131	#A896C8	0	0	0.982954382465375	0.0170088185164641
815	pDC	-2.78198543815498	5.79472579239703	0.194586300976706	#854199	0.975713193799235	0.0113970139482392	0.0101013172699842	0
816	late-Ery	-7.42794719962959	-11.3504501414409	0.907016203604718	#901838	0	0.999999999999793	0	0
817	CD14mono	-11.8612147930134	-0.210289931010242	0.392425638620367	#F28238	0.999854228425429	0	0	0
818	late-Ery	-7.97658077506905	-9.69516049147748	0.88484040697817	#901838	0	0.999999999999749	0	0
819	CD14mono	-9.87625519065742	-0.780122919093604	0.400059445260585	#F28238	0.999893973486199	0	0	0
820	CD14mono	-7.12158743171577	1.10189809082842	0.352022880327828	#F28238	0.997943824862569	0	0	0
821	CD4	7.78168710441704	1.14821256874896	0.975049395795107	#005F9F	0	0	0	0.998307577762792
822	CD8	3.51684673996086	-4.54435597182416	0.98581996598346	#1481C4	0	0	0	0.998908523352495
823	CD14mono	-9.92835537223701	0.90063692807055	0.396837648231211	#F28238	0.999878539952391	0	0	0
824	CLP	0.247634643031311	5.99023093460894	0.438793852690503	#9AD9E9	0	0	0.974592439295357	0.0251366375916089
825	pro/pre-B	-1.89181033401375	10.697126762856	0.724349288936659	#A896C8	0	0	0.980660864959534	0.0192973841686849
826	CD14mono	-8.4119216564167	-0.336051158692474	0.395388389749019	#F28238	0.999873545837506	0	0	0
827	CD16mono	-8.69087330131416	4.2178400921712	0.374425703165748	#F26625	0.99946765423798	0	0	0
828	NK	3.22483690948601	-8.4113365244975	0.996523090503498	#492264	0	0	0	0.99932247880935
829	GMP	-5.20313135414009	3.63664592980242	0.210711953999146	#FAA31B	0.992576671467723	0	0	0
830	CD8	5.67454704017754	-1.53868160964155	0.97773274223078	#1481C4	0	0	0	0.998505904922159
831	GMP	-5.03860727577095	2.95567239998675	0.127388409260505	#FAA31B	0.940090550588677	0	0.0276465490661414	0.0265877207326126
832	DC	-4.8234697940815	1.7211028504262	0.112393206498714	#D13C27	0.970135563523054	0.0146909762672532	0.0123416544677027	0
833	CD4	7.55385431022759	1.02624823330737	0.974182202077263	#005F9F	0	0	0	0.998172165202607
834	NK	3.34214600296135	-7.57372723342084	0.997017954377405	#492264	0	0	0	0.999334464366482
835	early-Ery	-7.74309746055489	-8.27344141722822	0.839141229045012	#CC1F39	0	0.999999999999692	0	0
836	GMP	-6.28745619087105	3.83863581894732	0.241977731593634	#FAA31B	0.993921362649033	0	0	0
837	NK	3.76155360908623	-7.20166788817548	0.993438908876489	#492264	0	0	0	0.999238403176131
838	MEP	-2.74528137473946	-0.984806401740546	0.139661946444109	#EF3741	0.030305775613383	0.950104452071764	0.0190206818672526	0
839	late-Ery	-7.73819557456856	-10.4563604426494	0.888360229414313	#901838	0	0.999999999999749	0	0
840	CD8	4.04575141639824	-4.90202198744916	0.986768946281858	#1481C4	0	0	0	0.998961812276692
841	CD4	7.74963935585136	1.03921629666186	0.978043949532558	#005F9F	0	0	0	0.998484933448101
842	CD16mono	-8.40598312644844	4.17731560944415	0.374712407054418	#F26625	0.999487491725877	0	0	0
843	NaiveB	3.22492607803459	9.83030165909625	0.865655700475034	#A896C8	0	0	0.992935225392577	0
844	GMP	-6.10759607581978	2.50902332543231	0.239646382339643	#FAA31B	0.993938222095572	0	0	0
845	late-Ery	-7.41362777976875	-11.0719305110087	0.883041359763964	#901838	0	0.99999999999947	0	0
846	CD14mono	-7.55730119972115	0.831070797432427	0.3713091359091	#F28238	0.998758494400261	0	0	0
847	CD14mono	-9.27110973625069	2.85970010041094	0.380813175828114	#F28238	0.999689794382376	0	0	0
848	CD4	8.25804504127617	0.514251606453423	0.98047491892176	#005F9F	0	0	0	0.998534796721227
849	CD4	8.82173045845146	-0.445846749555106	0.981702713456223	#005F9F	0	0	0	0.998586837133277
850	late-Ery	-6.96801534919624	-10.9691072535624	0.876127278291126	#901838	0	0.999999999999159	0	0
851	NaiveB	3.47988256187553	9.35070647477007	0.859109123305769	#A896C8	0	0	0.953918559998921	0.0459819587001305
852	CD14mono	-7.40366045265083	1.09045125721789	0.366724641643768	#F28238	0.87692092472157	0	0.0576056068364975	0.0605583054790794
853	NK	3.34509667129631	-6.65424309493207	0.994170280857647	#492264	0	0	0	0.999255812532341
854	CD8	4.77939780922051	-3.47782240630292	0.985122465670823	#1481C4	0	0	0	0.99886116299768
855	CD14mono	-9.50776306419258	2.15381516693926	0.385131625270933	#F28238	0.999804678886964	0	0	0
856	CMP	-1.70869997768288	0.249598877419	0.024089093612465	#46A147	0.405576814563279	0.375117180316886	0.212767610143901	0
857	NaiveB	2.55505260200615	10.4197553563008	0.870168802605071	#A896C8	0	0	0.99394471047276	0
858	CD16mono	-8.18759170799141	5.2851065564046	0.370970576297827	#F26625	0.999317159290065	0	0	0
859	NK	3.17065581054802	-7.84523783446455	0.997751496669724	#492264	0	0	0	0.999351062705751
860	GMP	-10.4732295635212	1.69305576561785	0.37863365261725	#FAA31B	0.999640203720361	0	0	0
861	CD14mono	-9.55660072593574	-0.852553350936408	0.390088462407478	#F28238	0.999843855314482	0	0	0
862	CD8	2.76615627975578	-4.04099665404462	0.980935391870072	#1481C4	0	0	0	0.998692503962499
863	early-Ery	-6.73718467979317	-6.95909224272871	0.758837863203697	#CC1F39	0	0.999999999999685	0	0
864	CD8	5.6639798519146	-2.03462444068098	0.959330335795489	#1481C4	0	0	0.0104834787227886	0.989299934798636
865	CD4	8.27514728279228	0.0806573200116204	0.979218896879293	#005F9F	0	0	0	0.998504338069902
866	CLP	-0.166925794171142	5.58440341233111	0.42959303965911	#9AD9E9	0	0	0.974582201260926	0.025136387650875
867	CD4	8.13809093208427	2.05965484856463	0.96455355483261	#005F9F	0	0	0	0.997009817268366
868	CD14mono	-9.89346424369698	-0.748238368045325	0.389809141864592	#F28238	0.99984042384704	0	0	0
869	MemoryB	4.39215358467217	8.2253068852315	0.854916963902754	#B280B9	0	0	0.980515564042676	0.019442372663983
870	CD14mono	-10.3366014125813	-0.458411945115562	0.392603386451192	#F28238	0.999855667016934	0	0	0
871	early-Ery	-5.96344152717476	-6.02054033995771	0.69146576186431	#CC1F39	0	0.999999999999442	0	0
872	CD8	5.25426896782036	-1.17605255366468	0.976563940663454	#1481C4	0	0	0	0.998462933001647
873	CD16mono	-9.24227730064278	5.51053561447955	0.363832477622162	#F26625	0.999090673573212	0	0	0
874	pDC	-3.50340667991524	4.0656126904378	0.529074474573767	#854199	0	0	0.974735919832534	0.0251401403761756
875	CD8	3.79020174713249	-1.80667339087629	0.766505562284463	#1481C4	0	0	0.291143448036634	0.707311738354946
876	late-Ery	-7.34927097587471	-11.6485630107036	0.910156024969238	#901838	0	0.999999999999801	0	0
877	CD14mono	-10.9202682140339	0.190723555077081	0.387959518384149	#F28238	0.999823473454308	0	0	0
878	MEP	-3.67480818061714	-3.80903492690229	0.443749399383867	#EF3741	0	0.999999864783568	0	0
879	NK	2.27935322494621	-9.30462418318891	0.989119849142741	#492264	0	0	0	0.999135214309299
880	NK	3.72637160987968	-8.71758518935346	0.99902874689601	#492264	0	0	0	0.999378100476776
881	GMP	-5.6862022045124	4.03919972657061	0.230081929251413	#FAA31B	0.99357848452737	0	0	0
882	CD4	5.96907838554497	0.746913807381158	0.959075062008766	#005F9F	0	0	0	0.996007380561951
883	GMP	-6.06523577003365	3.5926586556325	0.241887138117987	#FAA31B	0.993913033401869	0	0	0
884	CD14mono	-7.73055378227119	0.00156848310327995	0.393744226017571	#F28238	0.999860805497346	0	0	0
885	CD4	8.29861911506767	1.36324574231005	0.976593533439657	#005F9F	0	0	0	0.998395366663129
886	GMP	-5.81248632697945	3.19457282303668	0.190781835847008	#FAA31B	0.984379182203777	0	0	0
887	NaiveB	3.90697082252617	10.1869768071065	0.877038780524056	#A896C8	0	0	0.995227545105655	0
888	NaiveB	2.37118276329155	9.19451941727496	0.61323843824854	#A896C8	0	0	0.87590666768249	0.123825274977958
889	CD8	2.65447219581718	-4.13055239440107	0.827565090762287	#1481C4	0	0	0.0457754919915881	0.952436615106324
890	pro/pre-B	-2.13698378829842	9.35671462296343	0.720661573741833	#A896C8	0	0	0.981948757995468	0.0180122716193585
891	CD14mono	-8.85844723014717	-0.0715616774668647	0.401232468398973	#F28238	0.999897710636419	0	0	0
892	early-Ery	-7.28529039649849	-8.34028778792524	0.709172628957247	#CC1F39	0	0.999999999999553	0	0
893	CD4	7.11670812339897	-0.561478300105567	0.97924920631969	#005F9F	0	0	0	0.998511410850699
894	NK	3.77899869651909	-8.8799120020976	0.998406705642807	#492264	0	0	0	0.999365340122723
895	early-Ery	-5.43635050086861	-4.99245749236249	0.619923791993407	#CC1F39	0	0.999999999604896	0	0
896	NK	3.95236762733574	-7.49631844283247	0.986259196109834	#492264	0	0	0	0.998698438679644
897	NK	4.67587789268608	-9.23551140547895	0.996159907286705	#492264	0	0	0	0.999313847946106
898	NK	3.55490502090569	-6.92916355849409	0.993458793221195	#492264	0	0	0	0.99923379887823
899	late-Ery	-7.6383849742878	-11.2689271998515	0.909017503853877	#901838	0	0.9999999999998	0	0
900	CD14mono	-8.08058372764473	-0.268459605138536	0.398481910249344	#F28238	0.999885926257749	0	0	0
901	early-Ery	-7.22726742057686	-7.2888794970622	0.791545308801216	#CC1F39	0	0.99999999999969	0	0
902	CD4	6.55926068992729	-0.601392908107276	0.978476241743596	#005F9F	0	0	0	0.998540576672547
903	MemoryB	4.30907710762138	9.38062800644732	0.869533578239701	#B280B9	0	0	0.992857471274151	0
904	GMP	-5.90996185569649	4.19595278977252	0.235899050839481	#FAA31B	0.993782429562468	0	0	0
905	CD14mono	-9.72551742820625	0.283798234451775	0.399808552609478	#F28238	0.999892358987616	0	0	0
906	late-Ery	-6.37260166435127	-10.8127695155253	0.912920709771307	#901838	0	0.999999999999756	0	0
907	pro/pre-B	-1.79032019405251	10.7051319050679	0.734320553423129	#A896C8	0	0	0.983120354912559	0.0168432044342108
908	NaiveB	2.40760072441216	10.4421123433003	0.870035350750417	#A896C8	0	0	0.994379536521683	0
909	GMP	-4.69991794853096	3.09088029145098	0.17776951817403	#FAA31B	0.988388812649197	0	0	0
910	NK	4.00351699562187	-8.30458222151899	0.998006189769986	#492264	0	0	0	0.99935681179262
911	NK	3.50185426445122	-9.10738812209272	0.998654218955511	#492264	0	0	0	0.999370656513184
912	CD8	4.7095383045208	-3.1244896483531	0.97499745874298	#1481C4	0	0	0	0.998237974192959
913	late-Ery	-6.70872751502876	-11.5842729640117	0.915773405600353	#901838	0	0.999999999999734	0	0
914	pro/pre-B	-1.8066800001133	9.47642459153033	0.721085631775525	#A896C8	0	0	0.981949239888519	0.0180117907780411
915	CD14mono	-9.01887336997871	0.131305919874673	0.400447880160168	#F28238	0.999894786018424	0	0	0
916	pro/pre-B	1.24824126930351	10.5801929402242	0.834559374452137	#A896C8	0	0	0.985757307222121	0.0142119454307129
917	CD14mono	-9.49950233726387	0.442391829479699	0.394365398198813	#F28238	0.999864787326403	0	0	0
918	CD14mono	-9.35392013816719	2.3148311543355	0.388331685149328	#F28238	0.999812063991646	0	0	0
919	CD8	3.80262621612663	-4.21785865546369	0.983847591298479	#1481C4	0	0	0	0.998759688845038
920	CD8	3.91892203064079	-4.71420202971601	0.985902527406662	#1481C4	0	0	0	0.998915172766866
921	NK	4.36313089103813	-5.52431164504194	0.988366891291807	#492264	0	0	0	0.999048793559293
922	CD14mono	-10.5657550456989	-0.979916138659949	0.358490185170349	#F28238	0.9989149877865	0	0	0
923	early-Ery	-7.29145637779121	-7.66624460936689	0.81192634874469	#CC1F39	0	0.99999999999969	0	0
924	early-Ery	-5.68063370017891	1.7421571183095	0.467979799747728	#CC1F39	0	0.999999691550364	0	0
925	Baso	-4.22877613334541	-0.59814311386251	0.0274967824736023	#67B545	0.450498603433985	0.320862847490132	0.221752045402839	0
926	NaiveB	3.42506893844719	11.0926088261495	0.876825324384799	#A896C8	0	0	0.99519458075354	0
927	CD16mono	-8.77294937400703	3.88499106644488	0.374257796969277	#F26625	0.999450909710114	0	0	0
928	NaiveB	3.1305588123333	9.72061862229205	0.865775728401681	#A896C8	0	0	0.992796168084487	0
929	late-Ery	-7.2633358600605	-10.7860742640605	0.909761672710507	#901838	0	0.999999999999805	0	0
930	pDC	-2.38765827445869	5.19535006760455	0.188368753723905	#854199	0.975713187248008	0.0113970178235222	0.0101013198951933	0
931	CD14mono	-10.6956693294514	-0.624616576444144	0.396108120022701	#F28238	0.999879310635501	0	0	0
932	CD4	7.5918944713604	1.84772505043841	0.975567103005324	#005F9F	0	0	0	0.998356632961785
933	GMP	-7.12477556495552	3.39263548134661	0.310114026229654	#FAA31B	0.994571028549017	0	0	0
934	pDC	-2.77648273734932	5.66855468033648	0.194463073833361	#854199	0.975713193830005	0.0113970139300528	0.0101013172576391	0
935	CD4	6.10813745231743	0.412618057716851	0.975735842054464	#005F9F	0	0	0	0.998369111331399
936	CD14mono	-8.97513119010811	1.3740694689641	0.394611594298708	#F28238	0.99986678587454	0	0	0
937	CD16mono	-7.86280599861031	5.0462149548421	0.372525173609386	#F26625	0.999378770503817	0	0	0
938	CD14mono	-8.55668655662422	0.759771363724236	0.395435862470593	#F28238	0.999873318446315	0	0	0
939	CD4	7.55753024788017	0.0259874629864739	0.976772624496651	#005F9F	0	0	0	0.998414392307915
940	pDC	-2.62450972823982	5.67110289810992	0.19451001897168	#854199	0.975713193832476	0.0113970139285889	0.0101013172566511	0
941	pro/pre-B	-1.65459183483009	9.51785315750933	0.678045742769215	#A896C8	0	0	0.979380381888278	0.0205750940736274
942	CD4	7.05192121238823	0.361097710121636	0.976928029209263	#005F9F	0	0	0	0.998433368205333
943	CD16mono	-8.97044769554024	3.71258916138506	0.372448069084918	#F26625	0.99938849043233	0	0	0
944	NK	4.02722057075615	-7.6403838229289	0.996872637448803	#492264	0	0	0	0.999332315239048
945	CD8	5.4412015316021	-2.4035047125926	0.978839108201887	#1481C4	0	0	0	0.998576242657939
946	early-Ery	-7.37506881980782	-7.52338848830366	0.80847756981119	#CC1F39	0	0.99999999999969	0	0
947	CLP	-0.810007369803238	7.16222132920123	0.574794239722146	#9AD9E9	0	0	0.974802014647324	0.0251422499895231
948	CD14mono	-9.10810772209053	0.186508076179986	0.400325833064204	#F28238	0.999894631389623	0	0	0
949	NK	3.61520060272331	-9.74648152114057	0.997388181882504	#492264	0	0	0	0.99934521156963
950	MemoryB	4.10447152824516	8.32793368576861	0.826752943905098	#B280B9	0	0	0.979876573175973	0.0200799840630576
951	CD8	4.57932790489311	-3.82002316237592	0.98588690251638	#1481C4	0	0	0	0.998912758927735
952	CD8	4.57011827201958	-4.19735251189374	0.976659436355806	#1481C4	0	0	0	0.998473832843096
953	HSC/MPP	-1.83079985408668	1.13785995720721	0.00748145144521578	#0E4421	0.425846039752232	0.352240504082188	0.21525830740476	0
954	CD4	9.60628589363213	0.492369489658837	0.98179613213019	#005F9F	0	0	0	0.998582623599327
955	CD4	7.71156057090874	0.780127661217217	0.971763240862781	#005F9F	0	0	0	0.997831361135425
956	CMP	-2.34365764884834	-0.783127022992606	0.0733389298271004	#46A147	0.342735630360059	0.388761490639551	0.260886245168739	0
957	NaiveB	2.77703460426445	11.2617544102559	0.878088409764627	#A896C8	0	0	0.995554188429506	0
958	CD8	4.81020435066338	-2.85767541648054	0.983542735174206	#1481C4	0	0	0	0.998755511930226
959	NK	2.2451918956768	-9.88298283339643	0.99677369467048	#492264	0	0	0	0.999331498481399
960	CD14mono	-8.64502636222725	1.79435767411089	0.394872297274412	#F28238	0.999868436986631	0	0	0
961	DC	-3.53192654876595	1.07182671307421	0.0360443030843063	#D13C27	0.867818994243523	0.0757563696943108	0.0528140745120993	0
962	CD4	9.1906584140789	1.32192529915667	0.974868331199731	#005F9F	0	0	0	0.998275010320252
963	NaiveB	2.81314667434807	10.929418938149	0.874969994594166	#A896C8	0	0	0.994965847820084	0
964	CD14mono	-10.0822927120197	1.07342018364764	0.382827630496002	#F28238	0.999741303749319	0	0	0
965	CD4	5.8806169864666	0.68659325121737	0.95957926776221	#005F9F	0	0	0	0.99626064171001
966	CD4	6.2234805461895	0.577326493252282	0.793996370239969	#005F9F	0	0	0.0502006613961902	0.947758579887605
967	CD14mono	-9.3009540203083	-1.04591773272657	0.381244654044406	#F28238	0.999777743451816	0	0	0
968	CD14mono	-9.57594887046699	-0.546972392212386	0.397419122793535	#F28238	0.999881122136082	0	0	0
969	CD8	6.72554858894463	0.0391927528271722	0.977083032415839	#1481C4	0	0	0	0.998442931950672
970	CD8	3.42869147033806	-3.30250106574201	0.980175391897234	#1481C4	0	0	0	0.998647955315965
971	CD14mono	-9.67225948600655	0.958240644920831	0.396579710474793	#F28238	0.999876299054663	0	0	0
972	CD8	3.32864173622246	-3.59197650672102	0.980826809875676	#1481C4	0	0	0	0.99868599864874
973	GMP	-5.70496765403633	3.55312170266009	0.227776007591961	#FAA31B	0.99355360216882	0	0	0
974	late-Ery	-6.72503582267647	-10.9072280955424	0.905496095573716	#901838	0	0.99999999999973	0	0
975	CD4	8.64761432380791	0.821960823524957	0.979304584059883	#005F9F	0	0	0	0.998514959579497
976	CD4	7.67700179786797	-1.46103666545057	0.977504275099965	#005F9F	0	0	0	0.998485890533941
977	CD8	3.40593537063713	-2.78414283515119	0.935202052296871	#1481C4	0	0	0.0109573603753172	0.988791319851274
978	NK	4.10043605537529	-5.3809000086894	0.987423367747042	#492264	0	0	0	0.999001629516557
979	CD8	3.70724042625542	-5.05167113066816	0.990244210140795	#1481C4	0	0	0	0.999132680486863
980	CD8	6.63670428962822	-1.73495374442243	0.982746834968773	#1481C4	0	0	0	0.998722960638865
981	NK	3.42291625709648	-8.48781452895307	0.998435298111212	#492264	0	0	0	0.999365946830173
982	NK	3.60942944259758	-6.96674214125776	0.994224682175332	#492264	0	0	0	0.999261764819988
983	NaiveB	2.71444543571587	11.0329088139424	0.873298819157988	#A896C8	0	0	0.995027081918405	0
984	CD14mono	-7.38457695274239	0.0429491269478844	0.376481420976667	#F28238	0.999560639835159	0	0	0
985	late-Ery	-6.60720411567574	-10.6764980387797	0.912593717473109	#901838	0	0.999999999999758	0	0
986	CD8	5.15713771553154	-3.02321706534528	0.984481566547244	#1481C4	0	0	0	0.998809082916899
987	late-Ery	-7.81048599510078	-10.9079271388164	0.901228319933455	#901838	0	0.999999999999784	0	0
988	pro/pre-B	-2.36201182632332	10.0665429997335	0.7281062651218	#A896C8	0	0	0.98265259079861	0.0173099585582062
989	NaiveB	3.60606511802788	10.7214025425801	0.876020141458768	#A896C8	0	0	0.995156705163122	0
990	DC	-3.9514667156208	1.12054099320269	0.060081151496132	#D13C27	0.916326021937996	0.046698086230074	0.0337318151210647	0
991	CD8	4.24312337608452	-3.0162874293437	0.982471359761303	#1481C4	0	0	0	0.998741344254058
992	CD8	3.52797564239616	-4.25491867781782	0.985204729648656	#1481C4	0	0	0	0.998865992871254
993	CD14mono	-8.64854732780342	2.00107588051653	0.380382950975814	#F28238	0.999598618742746	0	0	0
994	pro/pre-B	-2.03037384776955	9.35052813767291	0.715367890414663	#A896C8	0	0	0.981056868611693	0.0189022351657114
995	NK	4.17173513145561	-9.60791359664106	0.998979425523812	#492264	0	0	0	0.999377267355124
996	late-Ery	-8.12753311424141	-10.5841833186259	0.895157020720477	#901838	0	0.999999999999775	0	0
997	late-Ery	-7.56778160362129	-10.6295848918071	0.874018780303683	#901838	0	0.999999999999716	0	0
998	NK	2.88650068016167	-8.02300177336835	0.99667213028657	#492264	0	0	0	0.999326966406375
999	CD8	3.166318499757	-3.89282713652753	0.984039973991967	#1481C4	0	0	0	0.998779547669463
1000	NK	3.17176135749931	-9.06100140334272	0.997367216885938	#492264	0	0	0	0.999343898845981
